	
-Shaman-	26966	544360	
-enzo-	1832870	1833076	
2createwdrupal	143434	
Adam S	1164760	
Agogo	1166114	
Ahqar	
AjK	78941	
Alan D.	116895	120955	1231402	1480854	16161	1643354	1776796	404300	484860	539724	685046	
Alan.Guggenheim	660302	
Alex UA	153313	182023	233200	395968	650528	655388	659480	666974	685046	
AlexBowman	
AlexisWilke	196758	354133	
Amazon	331893	484820	
Amitaibu	1801304	226587	304330	
AmrMostafa	289452	423196	
Andrew Schulman	609262	
Andy B	896364	
AndyF	91663	
Angry Dan	153313	1893026	666974	
Ankabout	606598	
Aren Cambre	1025012	126421	174815	195014	262759	292253	300921	30220	308468	309336	322703	380186	389150	395478	410464	420358	425478	430342	483078	490092	497590	516234	519470	523638	576916	625000	629830	632380	639966	647958	685990	686022	774032	890574	
Aveu	16161	274947	
B-Prod	289452	
BTMash	1164796	1360466	1838918	240828	655416	
Balefire	472126	
BarisW	111308	1166114	322703	438224	504378	535574	541612	562284	563550	576916	582826	592704	606598	761956	889982	
BenStallings	11218	
Berdir	1188388	1498674	152375	1535868	1790280	1801304	1807776	1818082	1833184	1847590	1848064	1888702	1930934	299308	368064	381584	428744	480660	484820	497804	508458	552604	58394	594908	699842	843630	884086	91663	967566	
Bevan	1171172	190946	191360	197460	202199	202837	203029	203908	211075	297893	306269	323112	331893	368064	396478	434942	439798	454784	528932	
BeyersdorferTJ	895292	
BioALIEN	111308	120955	191360	228236	274947	
Bojhan	1001728	1013726	1015798	1016056	102254	103680	1085854	111081	111317	1123696	1123698	1125436	1137920	114546	1153122	1159002	1164718	1164720	1164734	1164760	1164772	1164780	1164782	1164784	1164792	1164796	1164808	1164812	1164828	1164924	1167242	1167250	1167336	1167350	1167366	1167376	1167444	1167458	116895	116939	1170478	1171172	1177680	1182850	1188388	1192044	1199428	1199946	1207060	120955	1210366	1213078	1238124	1238484	1239666	1252206	1254128	1255696	1260716	1260800	1260860	1261002	1266306	1266310	1271362	1271622	1277352	1278456	1279652	1280530	1280538	1282156	1291592	1295814	1296876	1302986	1314250	1328770	1333292	1337628	1345272	1347448	1355526	1399302	1422924	1429442	1430670	1436112	1440662	1440678	1447860	1458646	1468282	147143	1473210	1477704	1479210	1480854	1488962	1490288	1490402	1493324	1510532	1510544	1513054	153313	1535868	1537922	1540780	1541264	154471	1559244	1562798	1591538	1595292	16161	1643354	1645904	166333	1664894	1665920	1678002	168437	1697256	1706688	1734642	1738374	1741498	1751210	1757618	1765576	1770720	1772584	1776796	178094	1781422	1787942	1789920	1790280	1797438	1798654	1800582	1800584	1801304	1805488	1807692	1807776	1809590	1809702	1810386	1814156	1818056	1818082	1818278	1818674	1824500	1824634	1831080	1831604	1831608	1831674	1831696	1831892	1831894	1832568	1832836	1832858	1832870	1833022	1833104	1833184	1833716	1833834	1834002	1834576	1834682	1836384	1836470	183678	1837514	1837998	1838010	1838114	1838156	1841584	1841788	1843856	1847116	1848064	1848076	1848292	1848428	1848432	1848490	1848836	1850182	1851128	1852346	1853636	1853720	1854030	1861702	1868444	1869292	1869328	1871746	1872606	1874584	1874664	1875260	1877228	1877244	1877254	1877314	1877376	1877394	1878344	1879386	1879816	1880168	1882482	1888702	1890502	1891126	1893026	1893072	1894644	1898946	1902874	191360	1917212	1920462	1920468	1926676	1926736	193034	1933614	193897	1941552	1949946	196758	197219	198973	199774	201415	202199	202593	202837	203908	211494	213085	218323	221527	222036	226479	226587	228236	229193	233200	237642	239715	239800	240721	240828	247084	248598	255174	270917	270919	274947	282122	282404	288455	288662	290343	292253	295369	297209	299308	307354	308468	314385	318975	322703	322995	323112	325893	331611	331893	337947	340535	351249	361277	362621	362852	363319	365615	368006	368064	369675	374490	376103	378064	386532	392362	393406	394102	394374	394398	394424	394434	394466	394482	394492	394496	394508	394544	394576	394686	394702	394736	395478	395968	396478	398068	398344	39954	400450	402226	402760	405142	409788	410464	411414	412782	417106	417568	417724	418302	418306	420358	420382	420584	421118	423724	42493	425478	42891	431844	432730	434942	436836	438224	439798	446244	447816	448292	454784	455576	456640	459418	460408	468654	468978	469134	471018	471218	471234	472126	472624	473268	474170	475596	475968	476290	476294	483078	483876	484186	484212	484820	484860	490092	490274	491022	491846	49623	497500	497590	497804	502166	502184	503778	503836	504072	504074	504080	504098	504378	504428	505218	506124	506218	506316	507422	508458	509970	510110	511218	511286	513414	514256	514990	516234	517662	517688	518750	521468	522184	523214	523244	523256	523286	523308	523406	523428	523478	534556	535066	535152	535564	535830	536440	536570	536612	536956	536958	536960	536966	536974	536982	536984	537678	537700	537704	537712	537718	537720	537750	537766	538272	538526	538904	539724	539800	540008	542290	542658	543988	544320	544360	546956	546962	547176	548868	549432	549746	550228	550718	551034	551080	551658	552604	552620	552654	552958	553298	553326	555712	556390	556594	557056	557272	557792	557890	558666	560100	560502	562284	563550	564562	564886	565128	567418	568350	569190	569276	569292	569456	569516	569542	570572	572424	575904	576076	576916	578532	578544	580868	582622	582734	583632	585776	592704	594412	594660	594908	595806	596010	597540	598738	598758	601150	602484	602490	602496	602528	605630	605920	606016	606180	606190	606490	606598	606646	607106	607410	607752	609094	609348	611270	613272	613794	613912	614288	614294	614410	614418	617730	618902	620446	627048	627080	631038	632210	634808	637370	639172	639966	645968	646792	647084	647958	649982	653620	655388	655416	655514	658726	658776	659480	663126	663900	663906	663946	663956	664020	664022	664036	664204	664380	664390	664648	665790	666176	666298	666698	666974	667918	669378	671268	674394	678592	678628	679866	679874	679890	679894	680032	680500	681723	681814	682902	683314	689716	690622	690980	698278	698304	699842	699848	702020	706648	713388	715972	718910	719424	720452	728194	732700	734536	735616	735692	741242	742708	750352	753764	759824	761956	765338	787944	78941	79079	794258	795268	79582	796658	799314	806232	810176	811276	812688	840490	846182	849670	854510	857792	864938	864942	867956	867968	879536	87994	881376	884086	889378	889982	890092	89205	896364	897768	908590	91663	922696	924040	924956	930670	931774	935008	936440	936490	945654	948516	950956	953722	955848	975134	976232	989452	992190	993592	996302	
Boris Mann	102254	116939	230059	475596	483987	79582	
Brandonian	361277	
Brian Altenhofel	384150	
BrightLoudNoise	143434	218323	304330	314385	351249	382896	394702	
BrockBoland	1479210	
Brolag	1261002	
BryanPflug	
Ber Kessels	27234	30220	30843	48581	
COBadger	1266306	
Carsten Muller	1082902	1498674	
Chad_Dupuis	58224	
Charles Belov	1260690	1377816	322995	
Chi	1407746	518750	
Chris Johnson	102679	212920	518750	8352	
ChrisBryant	114546	230059	299308	374646	
ChrisKennedy	102254	103680	108979	147143	323112	80944	
Christefano	42891	58224	
Christian Biggins	1809702	1829328	1833190	
Ciril Tharayil	
Cliff	11218	16161	282122	323112	331893	447816	448292	473268	541568	550718	551034	556390	558928	659480	795268	867830	896364	91663	924956	
Cloud	616552	
CorniI	331611	
Cottser	1377816	1429442	1440662	1801304	1848064	666698	993820	
CrashTest_	337993	
Crell	102679	11218	1123696	1164718	1167458	1199946	1328770	1510532	153313	1535868	1643354	1734642	1777388	1818278	1818674	1848210	229193	248598	282122	282404	299308	30843	355496	381584	430886	431844	523638	544360	569398	609728	65578	69468	753754	796658	950956	
CrookedNumber	606598	
Cvbge	
Cybergarou	299308	
CydeWeys	538904	
DSheffler	1159002	1167458	
Daemon_Byte	881376	
Damien Tournoud	1137920	1164760	1164774	1164778	1164800	1164810	116895	116939	1197814	1355292	139921	1510544	152375	153313	16161	1741498	17664	1797438	1801304	182023	1824500	1874664	191360	209672	237642	248598	281669	282122	282404	289452	292253	293223	295434	297209	304330	315035	331611	337947	360415	362852	365615	389150	394374	395610	402226	418306	423670	42891	431844	447816	460408	471218	472074	472126	473268	476290	484860	497804	504378	510058	510562	511286	517688	518750	52151	523478	542290	542658	544320	555712	557272	573474	595806	596010	598758	606490	606824	609348	613272	629830	632380	637850	645968	655416	659480	667918	668280	681036	685990	699842	700380	732486	742344	742366	755638	758296	761648	810484	812688	834202	878020	87994	91663	934110	935008	936440	967566	
DamienMcKenna	1164760	1166114	1231402	1260052	1260716	1347134	1801304	1834576	220167	514990	613272	948516	
Dan Silver	582734	582826	
DanW	
Dane Powell	237642	314385	
Daniel Norton	209672	834202	
Darrell	103680	
Dave Cohen	102679	1751210	
Dave Reid	1015798	102679	103680	1123696	1153122	1164734	1164786	1191040	120955	1231402	1238124	1238484	1271622	1272840	135976	147143	1473220	1490402	1510544	153313	16161	166333	1751210	176168	1797438	1810386	182023	1834576	183678	186571	1874664	190946	1926736	196758	201415	202837	203908	209672	220167	222036	229193	248598	27234	274947	281669	289452	293223	299308	305102	305802	315901	319033	322853	323112	331611	337947	337993	341982	344445	355496	360415	361277	362852	363319	368064	377430	381584	382884	392362	392582	393406	394102	394332	394374	394398	394544	394736	396478	400450	402760	420358	421118	423196	423696	423734	431844	432730	434942	438224	443738	455576	475968	476290	476294	490274	497590	506124	514256	514990	518750	550742	552604	553298	556390	557272	558666	580868	58224	582622	597540	601150	602582	605630	607752	613272	614410	645968	653620	658726	658776	660302	663956	666974	678592	685990	690980	693504	700380	78941	79079	80944	87994	953722	993592	
David D	967566	
David Latapie	11218	381584	392362	480660	483987	52151	629830	632380	758296	772176	
David Lesieur	1017662	116939	1170478	1266318	1279652	497804	58224	74562	
David Strauss	120955	425478	
David4514	1347134	
David_Rothstein	1016056	1017662	102254	1085854	11218	1123696	1137920	1164702	1164712	1164718	1164720	1164724	1164730	1164750	1164760	1164780	1164782	1164786	1164794	1164796	1164800	1164810	1164812	1164824	1166114	1167242	1167458	1168082	1176556	1197814	1199946	1238124	1238484	1260052	1260716	1260800	1266310	1355526	1399302	1440678	1468282	1473198	1473214	1477704	1510532	1510544	153313	1535868	16161	166333	1664894	1678002	1684930	1776796	1818692	182023	1824500	1833716	1838156	1841788	1848210	1848836	1870820	1874664	1926676	1926692	1926736	196758	198973	209672	226587	228061	230059	239800	240828	247084	248598	256287	270917	282122	293223	295434	299308	304330	315901	318975	365615	378916	393406	394466	400450	418302	420358	423724	42493	430886	438224	448292	472074	472126	473268	474264	475596	480660	483876	483987	484820	484860	497500	503810	504076	506124	508458	510110	511286	517688	518750	523214	534556	536440	537766	540282	544360	546186	550742	552604	556390	558666	564886	569190	570572	572240	575904	580868	585776	594412	596010	601150	606598	607348	609728	614418	620446	629830	632210	639172	639706	647084	649004	650528	652288	654726	655388	655416	655514	659480	662868	663126	663906	663946	664450	665790	668280	669378	674394	678592	680500	683314	685046	686022	698278	699848	701974	702020	714464	718910	720326	720452	721326	735616	741242	742344	745402	753764	758296	759824	761434	761648	761956	774316	787896	787924	78941	811276	854510	879536	87994	884086	889982	896364	913796	91663	930670	935008	936490	945654	948516	950956	967566	987242	
Davy Van Den Bremt	135976	514256	535066	556390	558844	
Devin Carlson	1005244	1039666	1044816	1164790	1164816	1164832	1308994	140363	1473198	1473214	1588186	19879	42493	504428	680246	742344	756310	922696	987242	
Digidog	1199946	87994	890092	
DjebbZ	1164718	282404	430886	950956	
DocuAnt	967566	
Dragan Eror	1433796	1498880	1831604	1855036	1933614	
Dries	1016056	111308	11218	1137920	1153122	1159002	1164792	1164796	1164808	1164828	116895	1188388	1192044	1199428	1199946	120955	1231402	1238124	1252206	1260800	1260860	1266306	1272840	1280530	1280538	1280550	1296566	1302986	1308994	1328770	140363	143434	1440678	147143	147723	1488962	1490402	149880	153313	1535868	1643354	166333	1664894	168437	1697256	1741498	1784738	1784806	1784812	1784846	1785006	1785012	1801304	1807692	1809702	1818692	1824500	1831608	1832778	1832872	1833184	1833716	1833834	1837998	1838114	1838156	1841788	1848064	1848836	1853720	1869292	1869328	1872606	1874584	1874664	1878344	1879786	1879798	1887558	1890502	1902874	191360	193034	1933614	195976	196758	197254	199774	201415	209672	212920	218323	222036	226479	228061	229193	230059	233200	240828	248598	26966	270917	270919	27234	274947	275368	282122	289452	293223	295369	299308	30220	304330	307354	307422	30843	31394	315035	320039	322703	322995	323112	331611	331893	337947	337993	339417	340535	340652	351249	354133	360415	361277	365615	367696	368006	370276	374646	376103	378064	378916	382896	384150	392362	392582	393402	393406	394102	394332	394374	394482	394496	394538	394544	394694	394702	394736	395378	396478	398068	402226	404300	410464	420358	420382	421118	423196	428744	430342	439798	447816	455576	456640	466416	468654	468978	469134	471018	471218	471234	472126	473012	473268	473762	474264	475596	476290	480660	484820	484842	484860	490092	491846	497590	502166	502184	503778	503836	504072	504074	504076	504080	504098	505218	506124	506218	508458	508786	509970	511286	514256	515334	517688	518750	521474	522184	523214	523286	523308	523406	523478	534556	535066	535152	535564	535966	536440	536570	536956	537678	537750	537766	538526	538904	539724	542658	544360	548806	549432	549746	550228	550718	550742	551080	551658	552654	552958	553298	555712	556390	557272	557792	558666	558928	560502	562284	564886	568350	569190	569276	570572	573128	576076	576916	58224	582622	582826	58394	594412	594660	594908	597540	598758	601150	601586	602490	602496	602520	602582	602586	602938	605630	606180	606190	607106	607410	613272	613912	614288	614294	620446	627048	632380	637850	638214	638222	638260	639172	639354	645968	647084	649982	653620	654726	655388	658726	658776	659480	660302	662868	663126	663900	663906	663956	664020	664204	664390	664648	665790	666170	666298	667918	669378	6788	679890	682902	686528	690980	693504	69468	699842	700380	706648	713388	721188	732486	735692	741242	742344	742366	753754	761648	761956	787944	78941	79079	795268	79571	796658	806232	809384	80944	810176	811276	812688	857792	86287	864938	867830	867956	878020	879536	87994	881376	890092	89205	896364	91663	924040	924956	925154	930670	937698	948516	950956	955848	967566	975134	
DrupalSza	639966	
Desire	103680	
E.Z	226587	
ELC	1428520	1430670	693504	
EZ@drupal.org.il	
EclipseGc	1164760	1510532	1535868	1772584	1801304	1841584	1875260	1888702	382896	430886	693504	
Elijah Lynn	116939	289452	
EllaTheHarpy	1784784	1832870	
EmanueleQuinto	381584	655388	
Employee Goals	1044816	
Emyr42	300921	
Encarte	1440662	229193	
Eric_A	1775530	732486	891670	
EvanDonovan	197460	240828	282122	290343	295434	30843	331611	395968	404300	418302	447816	511218	534556	536440	563550	567418	570572	580868	602484	606190	655388	6788	685046	693504	699848	742344	753754	759824	761956	769922	787896	796658	87994	913796	922696	930670	936490	937698	950956	976232	
Everett Zufelt	1015798	111317	1125436	1137920	1164718	1164726	1164748	1167376	1168082	1185838	1203382	1260052	1260716	1260800	1261002	1271362	1271622	1296876	1328770	1330748	1333292	1403508	1480854	1510532	16161	1757248	1772584	1790280	1797438	1800614	1809702	190946	290343	314385	323112	331893	337676	378064	418306	447816	448292	466416	473268	484860	491022	504378	511286	517688	523478	540282	541568	541612	545196	551034	551658	555712	558928	565262	582622	598758	601150	607752	617730	655388	659480	668280	734536	742344	750352	761956	787896	800270	809384	810176	811276	817176	867830	87994	896364	922696	930670	989452	
Fabianx	1137920	1164924	1238484	1498674	1734534	1751210	1797438	1801304	1841788	466416	514990	967566	
Fannon	1192044	575904	969814	
FiNeX	673646	
Fidelix	1038316	857312	87994	881376	
Floydm	1784812	1784846	
Fluffy Convict	
Flying Drupalist	240828	
Francewhoa	237642	514256	669378	
Frando	1776796	323112	360415	363319	370537	376103	382890	395478	396478	410464	428744	430886	472126	491846	514990	520444	528932	551658	601150	653620	655388	664450	78941	87994	89205	
Frank Ralf	448292	551034	817176	
FredCK	1260052	
Freso	102254	270919	315901	393406	568986	725058	
Gaelan	1498880	1510532	1818056	514990	
Garrett Albright	1260716	248598	365615	431844	753754	799314	
Gary Feldman	504428	523214	
Geir19	758296	881376	
George2	111308	423724	423734	
GiorgosK	300921	365615	619490	
GreenLED	222036	
Gurpartap Singh	147143	149880	16161	222036	229193	304330	323112	363319	484820	
GuyPaddock	209672	
Gyt	517688	
Gabor Hojtsy	1015798	103680	108979	11218	1164734	116895	1188388	1210366	1231402	1255696	1260690	1260716	1260860	1261440	1266318	1267520	1272840	1279624	1279652	1280524	1280530	1280538	1280550	1295696	1295814	1296566	1301148	1314250	1337628	147143	147723	1498674	149880	1498880	1510532	152375	153313	1535868	162037	166333	1678002	1734642	1738374	1741498	174815	1756122	1776796	1787942	1807692	1807776	1809702	1810386	1831604	1831608	1831636	1832778	1832836	1833022	1833104	1833112	1833184	1833716	1834002	1834266	1834682	183678	1838114	1838156	1841584	1847952	1848210	1848490	1849610	1853720	1868058	1868444	1869292	1869328	1874102	1874664	1875016	1875260	1875780	1876122	1879386	1879816	1880168	1882482	1884762	1884996	1887582	1890502	1891450	1891630	1893740	1898946	1902758	1909218	191360	1917212	1926676	1926692	1926736	1933614	193680	193897	196758	197460	201415	209672	212920	226479	229193	240828	248598	282122	289452	292253	295434	304330	315035	319033	322995	351249	365615	376103	378916	39954	402760	42493	428744	430886	455576	472126	473268	474264	484820	484860	491846	497804	503810	506124	508458	510110	511218	511286	515334	517688	520444	521474	52990	535564	536440	536570	536956	536958	536960	536966	536968	536974	536982	536984	538526	538904	539724	542658	544360	546186	546956	546962	547176	549432	550228	550718	551080	552604	552958	555712	555842	557792	557890	560502	564562	564886	565128	567418	568986	569190	573474	576076	585776	594908	596010	609262	637850	655416	660302	663946	699848	732486	761648	79571	79582	879536	91663	945654	967566	993820	
HS	42891	
Heine	1890678	237642	240828	370537	394374	551658	637850	91663	
HenkAbma	448292	
IceCreamYou	266153	570780	
IceCreamYou2	1260716	
Island Usurper	394374	551658	
Jacine	1015798	1164782	1238484	1510532	281669	337947	428744	503810	536440	536968	536982	550742	557272	653620	668280	674394	699848	735692	774316	846182	867830	87994	896364	950956	
Jack Harich	
JacobSingh	202837	230059	248598	293223	337947	395478	418302	420358	42493	473268	511286	517688	519470	536440	544360	564886	601150	602520	602528	606180	606190	606646	609728	639966	659480	732486	
JamesAn	266153	339417	361277	370276	423196	
Jan Krummrey	304330	
Jao	140384	
Jarek Foksa	594660	693504	
JayKayAu	240828	473268	
Jaza	111081	17664	191360	248598	275368	304330	337947	428744	42891	439798	
Jeff Burnz	1107906	1137920	1164720	1164730	1164780	1164782	1164784	1164790	1164792	1164794	1164796	1164824	1164828	1164924	1166078	1167242	1167250	1167266	1167350	1167366	1167376	1167392	1167418	1167444	1167458	1168082	1170478	1188790	1192044	1203382	1205224	1238484	1277352	1328770	1701112	226587	290343	331893	378064	382896	386532	394518	394736	448292	471018	503810	536958	570780	607752	655416	668280	678592	685046	721196	723392	735656	755638	796658	810176	846182	867830	879536	884086	889982	896364	922696	924040	924956	948516	
Jelle_S	1039666	1734642	1836860	742344	
Jennifer_M	881376	
JirkaRybka	26966	418302	79582	91663	993820	
Jody Lynn	103680	108979	11218	1429442	143434	1535868	154471	202837	20446	337676	381584	394434	394702	409446	417724	436836	488570	502184	639172	649982	659480	666974	761648	787924	78941	878020	87994	950956	
John Bryan	460408	
John Morahan	199774	
John Pitcairn	1199946	1776796	1838918	1898946	460408	
John T. Haller	639966	
JohnAlbin	102679	1107906	1137920	1164784	1164790	1164792	1167366	116895	1170478	1192044	1238124	1238484	1260800	1261002	1277352	1488962	1490288	1490386	1490402	1510532	1645904	166333	1734642	1781422	1832568	1861702	1864466	1902872	191360	226587	295434	351249	360415	361277	378916	382890	382896	394702	394736	423696	428744	503810	536440	546956	550742	570780	601150	693504	723392	735692	79582	
Johnny vd Laar	1848686	
Jolidog	1164760	514256	
Jon Pugh	193034	363319	430886	
JonBob	6788	
Jonah Ellison	198973	
JordiTR	139921	
Jorge Campo	
Jose Reyero	1260860	1266318	1314250	139921	1480854	1697256	1810386	1848490	568986	
Josh Waihi	26966	331893	508458	
JoshOrndorff	796658	936490	
JoshuaRogers	153313	517688	655388	669410	678592	6788	
JuliaKM	360415	394466	430886	497804	517688	521474	613272	
JulienD	1588186	
JurriaanRoelofs	1137920	1170478	
JvE	565262	
KarenS	1199946	1677052	233200	307354	351249	395968	398344	472126	552604	58224	91663	
Kars-T	1820310	955848	
Kartagis	
Kazanir	1166114	
KeithH	896364	
Ken Hawkins	1488962	1490402	
KentBye	190946	191360	274947	
Kevin Hankens	613272	
Kevin Morse	1039666	365615	
KingMoore	266153	
Kiphaas7	1757618	1776796	1790280	229193	396478	535966	538904	607240	655388	666974	669378	686926	714464	800270	879536	
KrisBulman	606490	
Kristen Pol	1337628	140363	384150	497804	
LPCA	107038	120955	1291592	1345272	1355358	1510532	1537922	1765576	1776796	1777388	1801304	1848686	298907	381584	396478	538904	606490	
LUTi	319033	
Lars Bo Jensen	1882482	
Lars Toomre	1167458	1260860	1295696	1751210	1838918	1841788	209672	
LarsKramer	1038316	305802	322995	720452	750352	
LeeHunter	1920462	1920468	1920470	594660	931774	
Lenz Grimmer	881376	
Les Lim	1167242	314385	323112	456640	563550	
Letharion	699848	967566	
LewisNyman	1107906	1137920	1170478	1192044	1260800	1261002	1277352	1475204	1480854	1488962	1490288	1490386	1490402	153313	1595292	1741498	1781422	1800584	1832568	1838156	1848064	1848292	1849712	1861702	1872598	1874664	1876196	1876204	1876208	1879386	1888474	1890266	538904	846182	
LoMo	1082902	1164760	1738374	569292	
Lukas von Blarer	1188388	1831604	1831608	1831636	1832778	460408	552604	
MGParisi	16161	240828	418302	
Mac_Weber	1153122	
Magnity	193034	
Manuel Garcia	1192044	420358	473268	517688	606598	796658	812688	
Mark Conroy	1510532	201415	
Mark Trapp	1890678	538904	854510	878020	896364	
MegaChriz	1938108	
MichaelCole	154471	193897	340535	420358	490092	552604	583632	609094	639706	669410	
Michelle	1199946	1464964	213085	292253	30220	413512	459418	523638	58224	
MickL	538904	
Mike Wacker	248598	326119	484842	569542	592704	799314	
Mile23	1164760	1199946	718910	
Mirabuck	1260716	1260860	
Mohammed J. Razem	1015798	
Morbus Iff	102679	230059	518750	
NROTC_Webmaster	39954	
NancyDru	102679	116895	139921	166333	183678	305802	354133	436836	582622	583632	989452	
Nchase	152375	
Nick Lewis	228236	270919	281669	282122	473268	58394	693504	810484	87994	
NikLP	1260052	370276	
Niklas Fiekas	1039666	111317	1159002	1164812	1365234	140363	1473220	1540780	1562802	289452	594660	652288	686528	
Noyz	1137920	1167336	1197814	1199428	147143	1480854	228236	304330	368064	378916	382890	394374	394492	394516	394702	396478	472126	472624	473268	474264	475596	484820	504378	507422	511286	517688	535066	536440	538904	546186	553298	555712	576076	580868	598758	601150	605920	606490	655514	658726	664380	666176	698304	699842	715972	897768	
OddJob	1818056	
Oleksa	26966	
Onnovp	365751	
Oostie	1876208	
Owen Barton	116939	1493324	1890502	282122	315035	323112	447816	448292	508458	541568	558928	579654	58224	655416	787896	
Pancho	103680	108979	111081	116895	120955	143434	16161	1643354	168437	1765576	17664	1790280	193034	193680	196373	196758	200849	202837	203908	209672	211494	305102	563550	568986	58394	78941	79582	840490	
Pasqualle	116895	135976	143434	152375	183678	193034	228236	288662	292253	295434	298907	319033	322853	338772	365615	368064	370537	430886	475596	523638	52990	535564	755638	80944	8352	
Paul Natsuo Kis...	182023	299308	395478	519470	606646	97310	
Paul Simard	1164760	
Pedro Lozano	282122	418302	506124	508458	542290	
Pete B	153313	867830	
Pinolo	1832870	
RKS	16161	305802	
Ralf	319033	
Ralt	1167458	
RaulMuroc	116939	
RdeBoer	1838918	282122	579654	
ReMedAct	1166114	
Remon	699848	
Renee S	58224	
Richard Barry	753754	
Rob C	1164760	16161	1837054	993592	
Rob Loach	116895	1192044	1271622	1277352	1291592	1296876	139921	1473220	1510532	1664894	1790280	1809590	209672	212920	222036	248598	295434	30843	315035	323112	331611	338772	374646	378916	396478	398344	418302	421118	439798	454784	456640	466416	472126	504378	506316	514990	517688	538904	544360	556390	557272	606490	609094	617730	653620	693504	742366	8330	87994	89205	950956	993592	
RobRoy	102254	102679	108979	11218	58224	58394	6788	79571	
RobW	1170478	1260052	1271622	1337628	1510532	1562776	1643354	1734642	1855412	314385	432730	
Robin Monks	103680	186571	193034	91663	
RoboPhred	563550	579654	
Rosamunda	58224	
Rowanw	191360	218323	304330	322703	69468	
RoySegall	1734534	
RumpledElf	1001728	
Ryan Palmer	506316	652288	700380	
Sborsody	299308	309336	42891	
Schnitzel	1188388	140363	1498674	1756122	1832778	322995	660302	
Scott Reynolds	26966	396478	596010	
SeanBannister	11218	1137920	120955	1260052	16161	275368	304330	315035	323112	396478	418302	428744	484860	503810	514990	537750	544360	569190	570780	685046	87994	
Seb_CKSource	1260052	
Senpai	102679	182023	190946	197460	229193	230059	248598	392362	423196	497500	510562	518750	519470	
Sergio Beristain	17664	
Shai	102679	111317	307422	322703	378064	395968	552604	570572	647084	678628	680500	681814	682902	
Shawn DeArmond	339417	400450	409788	474170	475596	476294	761648	
Shyamala	1137920	1185838	1347134	1440662	1490402	1701112	1775530	1781422	1790280	1832568	1837514	1847116	1847274	1850182	1861702	1870944	1872606	1876196	1876202	1876208	1879798	1879966	1887558	1902856	1902858	1902868	538904	879792	891670	970550	
Simx0r	240828	
Snugug	1170478	1876196	
Soul88	1498674	
SpikeX	522184	
Stalski	1770720	607752	857312	864942	
Stefan Nagtegaal	147143	191360	222036	226587	362852	37562	452446	473268	484860	491846	517688	535066	536440	536956	536958	536960	536966	536968	536982	536984	58394	79582	
Steve Dondley	27234	31394	
SteveJBayer	211075	304330	434942	472126	
Stevel	551658	620446	660302	699848	864938	
Steven	111308	11218	116939	147723	27234	80944	
Steven Merrill	769922	
StuartDH	30220	
Susurrus	102679	228061	248598	277513	282122	
Sutharsan	102254	1353888	135976	138631	140363	140384	153313	162037	166228	169187	178094	1848490	186888	1884996	190946	193034	196373	197254	198973	200849	202837	203908	211075	211494	213085	233200	240721	247084	255174	281669	282122	420358	504428	538904	568986	58224	58394	606598	65578	69468	78941	89205	
Sylvain Lecoy	1199946	1260052	1480854	1777388	1809702	660302	
System Message	1001728	1015798	102679	103680	1039666	1053518	107038	111317	11218	1137920	1153122	1164706	1164760	1164792	1164796	1164808	1164812	1164828	1166114	1167350	1167444	1167458	116895	116939	1170478	1171172	1171436	1182850	1188388	1191040	1192044	1194470	1199428	1199946	120955	1231402	1238124	1238484	1239666	1252206	1255696	1260052	1260716	1260800	1260860	1261002	1266306	1266310	1266318	1271362	1272840	1277352	1280530	1280538	1280550	1282156	1291592	1295696	1296566	1301148	1302986	1308994	1326088	1328770	1347134	1355526	135976	1360466	1365234	138631	1399302	1403508	140363	1409940	1409992	1429442	1430670	1433796	143434	1436112	1440662	1440678	1447860	1463956	147143	1473198	1473214	1477704	1480854	1488962	1490402	1493324	1498674	149880	1498880	1510532	1510544	153313	1540780	154471	1559244	16161	1664894	1665920	168437	1697256	1734534	1734642	1738374	1741498	1751210	1756122	17664	1772584	1775530	1776796	1784738	1784776	1784784	1784806	1784812	1784846	1785006	1785012	1785038	1787942	1790280	1791352	1797438	1801304	1807692	1807776	1809590	1810386	1817996	1818056	1818082	1818278	1818692	182023	1824500	1829328	1831080	1831604	1831608	1831636	1831674	1831696	1831892	1831894	1832568	1832778	1832862	1832870	1832872	1833022	1833076	1833104	1833184	1833716	1833834	1836384	1836392	183678	1837054	1837998	1838010	1838114	1838156	1838918	1841584	1841788	1842036	1847952	1848064	1848490	1848686	1848836	1849610	1849750	1850182	1853636	1853720	1855002	1864466	1868444	186888	1869292	1869328	1872606	1872870	1874354	1874584	1874664	1875260	1876134	1877228	1877244	1877254	1878344	1879386	1879786	1879798	1880168	1880488	1882482	1884148	1884762	1887008	1887558	1888702	1890502	1893090	1893740	1899220	1902872	1904882	1914220	1920876	1926692	193034	1930934	193680	193897	1950700	195976	196758	197460	198973	199774	201415	202593	20446	205226	209672	211494	212920	218323	221527	226587	228061	229193	233200	237642	240828	248598	266153	26966	27234	274947	275368	282122	289452	292253	293223	295369	297893	299308	304330	307354	307422	30843	308468	314385	315035	318975	319033	320039	322703	322995	323112	326119	331611	331893	337947	337993	338772	339417	340535	340652	351249	354133	355496	360415	361277	362852	365615	367133	367356	367696	368006	368064	370276	370537	374646	376103	378064	378916	382896	384150	389150	392362	392582	393402	393406	394102	394332	394374	394466	394496	394508	394516	394538	394544	394694	394702	394736	395378	395478	395610	395968	396478	398068	39954	400450	401214	402226	402760	404300	405824	409788	412782	417724	418302	419950	420358	420382	420584	421118	423196	42493	428744	430886	431844	438224	439798	447816	448292	455576	459418	460408	466416	468654	468978	469134	471018	471218	471234	472074	472126	473012	473268	473762	475596	476290	476294	477356	480660	484186	484212	484820	484842	484860	48581	490092	491022	491846	493166	49623	497590	497804	502166	502184	503778	503810	503836	504072	504074	504076	504080	504098	504428	504472	505218	506124	506218	506316	508458	508786	510058	511218	511286	513414	514256	514990	515334	517662	517688	518750	520444	521474	522184	523214	523244	523256	523286	523308	523406	523478	524562	528932	52990	534556	535066	535152	535564	535966	536440	536570	536956	536960	536968	536974	536982	536984	537678	537700	537704	537712	537718	537720	537750	537766	538526	539724	539800	540008	540282	541568	541612	542658	543988	544320	544360	546186	546956	546962	548806	548868	549432	550228	550718	550742	551034	551080	551658	552604	552620	552654	552958	553298	553326	555712	556390	557056	557272	557792	557890	558666	558928	560100	560502	562284	563550	564562	564886	565262	568350	568986	569190	569276	569398	569456	569516	569542	570572	570780	573128	573292	576076	576916	578544	580868	58224	582534	582622	583632	592704	594412	594660	594908	596010	597540	598738	598758	601150	601586	602484	602490	602496	602520	602582	602586	602938	605630	605920	606180	606190	606598	606646	607106	607240	607410	609094	609262	609728	613272	613794	613912	614288	614294	614410	614418	616552	617588	620446	620892	627048	629830	632380	636666	637370	637850	637930	638214	638222	638232	638260	639172	639354	645968	646762	646792	647084	649482	649982	650528	652288	653620	654726	655388	655416	658726	658776	659480	660302	662868	663126	663900	663906	663946	663956	664020	664022	664036	664204	664380	664390	664450	664648	665790	666170	666298	666698	666974	667918	668280	669378	669410	674394	678592	678628	6788	679866	679874	679890	679894	680032	681723	681814	682902	686528	686926	689716	690622	690980	693504	69468	699842	699848	700380	706648	713388	719424	720326	720452	721188	723392	732486	734536	735204	735616	735692	741242	742344	742366	74562	753754	753764	755638	761648	761956	787896	787924	787944	78941	79079	795268	796658	800270	806232	809384	80944	810176	811276	812688	813750	846182	857792	86287	864938	867830	867956	878020	879536	87994	881376	889982	890574	891670	89205	896364	897768	91663	922696	924040	924956	925154	930670	934110	936490	937698	945654	948516	950956	951428	955848	960864	964568	967566	975134	976232	976328	989452	996302	
TBarregren	436836	58224	
TR	1167366	277513	369675	420382	558844	669410	690980	
TUc	
Taxoman	1296876	1355292	1355358	193680	237642	396478	538904	761648	
Tectonic	
TheRec	323112	331611	511286	535066	540282	555712	558666	558928	598758	607106	
Thox	30220	37562	
Tibur on	569516	
TimRogersCool	197254	
Tlommy	993592	
Todd Nienkerk	1164726	1164746	1167458	16161	228236	361277	484860	69468	
TomDude48	
Tor Arne Thune	1164812	1188388	1238124	1260860	1355526	162037	1818674	196758	197219	19879	203029	203908	20446	239715	297209	318975	365615	394492	402760	417568	477356	639966	645610	665790	78941	87994	881376	891670	967566	
Tpainton	240828	
Transition	1377816	365615	
TravisCarden	1365234	1665920	1848064	213085	558928	564562	
TwoD	1833716	87994	
TwoMice	607240	
VM	1039666	140363	209672	393402	400450	404300	794258	
Vako	394694	
Webrotta	460408	
WilliamB	761648	
Wim Leers	111308	1137920	1170478	1260052	1510532	1510544	153313	1678002	1706688	1734642	1741498	1776796	1777388	1790280	1809702	1824500	1833716	1834682	1848064	1868444	1874664	1875260	1878344	1879816	1880168	1882482	1890502	1893072	1894644	191360	1914984	1926692	1938108	211075	230059	237642	315035	370537	663946	79571	945654	
Wolfflow	111308	176168	
WorldFallz	517688	537750	602938	
WormFood	365615	
Xano	1013726	103680	116895	1207060	1238124	1238484	1291592	1296876	1355292	139921	140363	143434	149880	152375	1559244	1790280	1810386	1818278	1832858	193897	1941552	220167	228236	26966	289452	290343	293223	295434	302161	304330	320039	323112	331893	340652	361277	362852	374490	378916	392362	393402	394332	394544	394576	395378	395610	396478	401214	402662	404300	418306	419950	423196	423696	425478	437234	455576	471234	480660	484186	484860	504098	504378	504472	538904	539800	544320	569276	570572	601586	606490	620446	620892	652288	742708	80944	87994	881376	
Xen	761956	
YaxBalamAhaw	809384	811276	
YesCT	1009716	111317	1164760	1167418	1188388	1199946	120955	1267520	1279624	1314250	1337628	143434	1498674	1498724	1498880	1591538	1738374	1784738	1784768	1784776	1784784	1784806	1784812	1784846	1785006	1785012	1785018	1785024	1785038	1785044	1801304	1807692	1807776	1807830	1807902	1807908	1810386	1818082	1831608	1831636	1831944	1832778	1832836	1832870	1833020	1833022	1833076	1833104	1833112	1833180	1833184	1833190	1834002	1834014	1837054	1841788	1848210	1848490	1849712	1849750	1853720	1854030	1854046	1854056	1854990	1855002	1855036	1868058	1868444	1869292	1869328	1870746	1874102	1876122	1876134	1876176	1883858	1883982	1884148	1885146	1887582	1891096	1891126	1891450	1891630	1891746	1902758	1904882	1904892	1904896	1909202	1909218	1914800	1917212	1919258	1920468	1920876	290343	31394	365615	382890	384150	394374	394736	395478	395968	398344	402760	404300	421118	423724	448292	504098	515530	552604	596010	655388	655416	674394	699848	715972	761956	78941	854510	967566	
Zach Harkey	102679	
Zen	111308	30220	52990	58224	97310	
Zgear	30843	
ZoeN	417724	517662	
aLearner	1015798	
a_thakur	1440678	
aaron	1167458	26966	550228	551658	685046	
aaronbauman	1399990	149880	1562804	404300	438224	523286	540008	625000	659480	662868	699848	951428	
aburrows	1664894	
acbramley	460408	
acouch	690980	
adam.hastings	632380	690980	806232	
adamdicarlo	514256	
adixon	890092	
adrian	295434	395478	
adrinux	295434	846182	857312	
afreeman	473762	
agentrickard	1053518	1164760	1199946	1643354	1777388	355496	405142	471234	542290	544360	568350	569398	58224	637930	660302	679890	680032	799314	
aharown07	26966	
ainigma32	397630	400450	
aiwata55	1164760	1164782	1177680	318975	666698	
aj045	
ajeverson	993820	
akamustang	1137920	147723	1734642	1776796	1809590	1841584	191360	655388	655416	
alanburke	111308	1260800	1266310	1818278	193680	295434	306269	456640	
alberto56	1164784	1266318	719424	
alex_b	230059	295434	417568	
alexanderpas	116939	135976	196758	228236	237642	239715	295434	299308	315901	323112	331893	355496	374490	374646	418302	420358	425478	447816	491022	497500	508458	544320	544360	546956	548806	549432	550718	551080	563550	570572	580868	594412	605630	606646	607410	655388	660302	690980	718910	
alexkb	322703	
alexpott	120955	1409992	1697256	1841788	1872870	569292	86287	
alpritt	147143	190946	222036	229193	293223	304330	323112	325893	331893	484820	510110	510562	647084	680500	8330	
amateescu	1164812	1282156	1334406	1347134	1801304	1847590	87994	
amc	1164736	140384	16161	331893	376103	381584	394374	394694	466416	474264	483987	488570	504076	504472	511218	514256	523214	536440	536612	538904	544360	547176	553298	558666	567418	569190	570780	607752	614418	620446	631038	637850	655388	655416	655514	663956	668280	6788	681814	682902	686528	690622	702020	714554	721326	735656	749298	753764	758296	761956	765338	79571	79582	796236	796658	806232	849670	879536	992190	
amontero	1365234	1684930	
amyhribar	1164718	39954	967566	
anarcat	1164734	1167458	147723	523286	580868	592704	
ancamp	1831604	1831608	1831636	1832778	1832836	
andreiashu	299308	323112	
andrew.elvis	678628	
andrewfn	58224	
andrewmacpherson	1493324	178094	190946	1932948	460408	557272	
andyceo	1801304	1841788	
andymartha	1591538	1875260	
andypost	1016056	1271622	1314250	1475204	1477704	1477802	1498674	1498880	1510532	1537922	1701112	1734642	1751210	1770720	1772584	1787942	1791352	1798540	1801304	1810386	1834002	183678	1838156	1841584	1842036	1869328	1870944	1872870	1876196	1879798	1882482	1884996	1891746	1903138	1917212	1933614	202593	220263	221527	26966	27234	374646	394540	400450	402760	413512	437234	459418	471234	484820	514990	538904	553298	557272	605630	606598	614418	617730	654726	663946	671268	678592	690980	693504	700380	735692	761648	79079	796658	812688	849670	857312	857792	867956	967566	
animelion	1164746	1164760	331893	430886	606598	761648	817176	993592	
ano1	484212	
anrikun	955848	
antgiant	864938	890574	
anthonyR	1490288	
arbel	1832872	1836392	
arcaneadam	289452	538904	
arhak	331611	447816	514990	551658	582622	583632	653620	685046	
arianek	218323	237642	293223	319033	340535	400450	423724	438224	476294	504076	514256	523244	523256	551658	596010	602938	620892	678628	6788	931774	951428	
aritra.ghosh	1836392	
arshadcn	1188790	1818692	
asak	226587	
aschiwi	1540780	420358	606598	686528	
asimmonds	394544	511286	551658	653620	
aspilicious	1015798	1137920	1153122	1164760	1164792	1164796	1166078	1167444	1188388	1192044	1199428	1238124	1238484	1239666	1271362	1510532	1510544	1535868	1562798	1562802	1734642	1741498	178094	1789920	1790280	1801304	1824500	1832872	1833716	1838156	1841788	1848490	1848836	1882482	1890502	1893026	1920470	197254	202593	248598	354133	368006	393406	396478	412782	418302	438224	448292	466416	518750	523286	537750	538904	539800	553298	565262	567418	570780	580868	594908	596010	606598	607240	607348	625000	637850	647084	649982	653620	655416	655514	659480	660302	663126	663906	663956	665790	666170	666698	668280	672240	674394	678592	679866	679890	680500	686528	690980	699848	700380	721188	735204	742344	753754	753764	755638	761648	761956	795268	796658	806232	810176	857792	87994	889982	936490	950956	951428	
asrob	649982	
attheshow	394516	394736	
attiks	1137920	1164808	1170478	1192044	1238484	1260716	1261440	1272840	1337628	1493324	1701112	1734642	1741498	1775530	1790280	1797438	1805488	1807692	1809702	1829328	1832568	1832778	1836860	1838114	1841788	1855412	1883526	322995	365615	471018	503908	544360	655388	742344	
audster	1167458	
authentictech	
axel.rutz	282404	381584	460408	
axyjo	331611	337947	340535	551658	
babbage	102679	107038	114546	120955	16161	209672	299308	315035	374646	484820	484860	504378	510110	515334	515530	579654	655416	896364	
balrob	881376	
balsama	1904882	
bangpound	226587	394482	518750	521474	523286	647958	
barraponto	1477704	153313	891670	
bartmcpherson	1365234	1843856	
batigolix	1734642	1920470	570572	
bchoc	
bcn	308468	606190	765338	
bdone	1440662	
bdragon	147723	19879	420358	678628	
bdu	1330748	
bdurbin	654726	
beefzilla	607240	
beejeebus	1535868	1697256	381584	431844	438224	700380	
beeradb	1164706	233200	337947	351249	355496	374490	382890	393406	394374	394466	394508	394544	394702	395968	423196	484820	890092	
beginner	11218	274947	
behindthepage	116895	183678	
bekasu	570572	
beltofte	1784738	1784768	1784776	1784784	1784806	1784812	1784846	1785006	1785012	1785018	1785024	1785038	1785044	
benjifisher	1137920	1790280	1824500	720452	
bennybobw	229193	323112	
berenddeboer	340535	394544	503778	503810	884086	
bergco	340535	504428	
bertboerland	8330	
bflora	58224	
bforchhammer	1188388	1643354	1807692	1807776	1810386	
bfroehle	1009716	1015798	1025012	1194470	1254128	538904	607752	742344	955848	967566	976232	976328	992190	
binford2k	58224	
birdmanx35	135976	183678	202199	211075	222036	229193	304330	323112	340535	395478	412782	477356	58394	74562	
birwel	344445	
bjaspan	11218	229193	233200	304330	398344	430886	477356	490092	522184	542290	569542	578544	
bjeurn	1537922	
bkayne	
blackdog	884086	91663	
bleen18	1252206	1493324	1785038	1790280	1818278	1848064	1868444	1876208	193680	396478	400450	511286	538904	555712	594660	601150	609348	614418	632210	646762	647084	655388	655416	655514	658726	674394	690980	699848	761956	796658	810176	849670	867956	879536	87994	881376	890574	891670	948516	
bloomaniac	
blueblade	522184	
bluffit	394694	
bmadore	1440678	
bmx269	1164760	
boaz_r	
bojanz	1199946	140363	1801304	1874644	538904	699848	714464	742344	761956	79582	884086	936490	
boombatower	319033	517688	69468	896364	
borfast	58224	
boris sondagh	1137920	1684930	1781422	
bowersox	1493324	439798	447816	448292	466416	473268	541568	551034	558928	601150	742344	817176	867830	922696	
bradfordcp	193897	
bradlis7	183678	58224	
brainless	472074	
bramvdkroef	1185838	
brantwynn	1510532	1832870	1875260	
brianV	152375	153313	199774	226479	239800	307422	37562	395378	404300	42891	447816	477356	480660	49623	535066	535152	582534	607240	86287	
bryan kennedy	570572	
bsandor	
bsherwood	16161	193897	300921	305102	30843	340652	374646	386532	392362	394374	404300	551658	690980	750352	
bstoppel	
btopro	460408	
budda	58224	
c31ck	1347134	322995	
c4doug	1841788	
c4rl	1409992	1876196	202593	570572	
c960657	1125436	1473214	209672	299308	368064	480660	484842	542658	550742	551658	598758	607240	637850	638894	649482	742366	
cachee	1684930	
caelon	1039666	
cafuego	1355526	1790280	39954	538904	
caktux	183678	26966	315035	58224	
captaingeek	1185838	
carlos8f	1199946	209672	293223	658726	659480	668280	685046	936490	950956	976232	
casey	1167242	1167418	153313	191360	229193	358961	396478	405824	448292	460408	484820	517688	535966	557272	575700	575904	596010	605894	607240	614418	649982	650528	653620	655388	655416	655514	659480	662868	663126	663906	664020	664022	664036	664450	666698	666974	667918	669378	686926	690980	714464	718910	735204	742344	747542	787896	800270	811276	854510	878020	87994	896364	897768	955848	
casmaron	555712	
catch	1016056	102679	1039666	1053518	107038	108979	111308	111317	11218	1137920	1159002	1164718	1164760	1164812	1166114	1167350	1167418	1167444	1167458	116895	1171436	1176562	1188388	1192044	1199946	1207060	120955	1210366	1252206	1255696	1260716	1260800	126421	1266318	1271362	1272840	1278456	1295696	1296566	1301148	1302986	1326088	1328770	1355526	1365234	139921	1399302	1409992	1433796	143434	1440662	147143	147723	1477704	1480854	1488962	1498674	149880	1510544	153313	1535868	154471	162037	1665920	168437	1734642	1738374	174815	1772584	1784784	1785038	1791352	1797438	1801304	1807692	1809702	1817996	1818056	182023	1824500	1829328	1831696	1832568	183678	1837998	1841788	1850182	1864466	186571	1874664	1876134	1884148	1888702	1902872	1902874	190946	191360	1914220	193034	195976	196758	198973	199774	203029	203908	20446	205226	209672	211494	212920	213085	220167	220263	222036	226479	228061	228236	229193	233200	239715	239800	240721	240828	247084	248598	266153	26966	270917	270919	27234	274947	275368	281669	282122	289452	292253	293223	295369	295434	297893	299308	304330	307422	308468	31394	315901	318975	320039	322853	323112	326119	331611	331893	337947	339417	340535	340652	351249	355496	360415	361277	362852	367696	368064	370276	370537	374490	376103	378916	382890	382896	384150	392362	393406	394102	394332	394374	394496	394516	394544	394576	394702	394736	395478	395610	395968	396478	398344	400450	402226	402760	404300	412782	417106	418302	419950	420358	423196	425478	428744	430886	431844	432730	434942	436836	438224	439798	447816	455576	460408	468654	468978	469134	471018	472126	473268	475596	475968	476290	476294	476298	480660	484186	484212	484820	484842	484860	497804	502166	502184	503810	503836	504072	504074	504076	504378	505218	506124	506218	508458	510110	511218	511286	513414	517688	518750	520444	521468	521474	523244	528932	52990	535066	535564	536440	536570	537766	538526	538904	542290	542658	544360	546956	548806	549432	549746	550228	551080	551658	552604	552958	553298	553324	555712	556390	557056	557272	557890	558928	560502	564562	564886	569190	570572	580868	592704	594412	594660	594908	596010	598758	602484	605630	606190	606598	613794	650528	652288	654726	655388	655416	660302	665790	669410	674394	6788	683314	69468	699842	699848	714464	715972	718910	721326	742344	753754	761648	761956	78941	79079	79571	799314	813750	846182	854510	857312	857792	86287	87994	881376	889378	891670	896364	91663	922696	950956	955848	957784	967566	989452	993820	
cburschka	120955	147143	17664	193034	196758	209672	211494	212920	218323	220167	248598	270919	281669	282122	289452	290343	299308	362852	370823	392582	393402	395378	395968	398068	400450	409788	421118	423196	428744	431844	475596	558928	583632	598758	669378	79079	91663	
cdale	370537	
cdnsteve	1170478	
ceardach	761648	957784	
cellmaker	58394	
ceng	153313	
cfennell	
cha0s	299308	639966	699848	787896	795268	
chachasikes	476294	544320	
chanderbhushan	1365234	742344	
chellman	1488962	
chia	796658	
chiladelphia	521468	
chrisada	16161	
chrisshattuck	111081	31394	337993	392362	394466	394544	394694	394702	402226	402662	404300	58394	
christefano	58224	616552	
christian_gnoth	
chx	102254	102679	103680	107038	111308	11218	1164760	116895	116939	1199946	1238124	1238484	1355526	135976	143434	1447860	147143	147723	1510532	153313	1801304	1810386	1818692	1841788	1853636	1890502	191360	1926692	229193	240828	248598	292253	297893	299308	30220	322853	323112	331611	337947	355496	370537	394702	396478	404300	418302	428744	430342	431844	447816	465958	473268	476290	484820	484842	484860	511218	517688	538904	542658	544360	553298	553324	558928	579654	58224	582826	58394	598758	637850	659480	663956	679890	699848	761648	79571	87994	896364	91663	950956	955848	967566	
clashar	761648	
claudinec	1831636	
clemens.tolboom	1266318	1337628	410464	471018	477020	522458	522462	564886	568986	582734	700380	
cluke009	74562	
cmsquickstart	484186	658386	
coderintherye	102679	447816	572424	795268	896364	950956	
codycraven	337947	
cog.rusty	152375	551658	
colan	1194470	193680	542290	
coltrane	116939	1890678	228236	233200	340535	370537	370823	374490	394466	394508	394538	418302	534556	58224	
corbacho	1137920	140363	1781422	1882482	700380	
corey.aufang	229193	396478	
coreyp_1	351249	
corvus_ch	1697256	
cosmicdreams	1137920	1164812	116895	1188388	1260052	1271622	128783	1353888	138631	140363	140384	1429442	1510532	153313	1535868	1643354	166228	168437	169187	176168	178094	1790280	1801304	1809702	1838156	186888	20446	228061	281669	340535	400450	456640	466416	476294	48581	521468	538904	596010	601150	602484	606598	607240	607752	649482	655388	65578	665790	666170	690622	723392	8330	879536	936490	967566	977414	989452	
cossovich	400450	
couturier	1167366	
cpugeniusmv	
craigkendall	
crazyrohila	1872598	
crimsondryad	1260052	
criscom	
cross	806232	
crowdcg	1882482	
crunchywelch	37562	
cschaub	11218	
cweagans	1039666	1063878	1153122	1164760	1192044	1266310	1271622	1282156	1360470	1427804	1440678	1510532	1697256	1797438	1801304	1832568	1841788	1849712	1890502	193680	331611	337947	374646	504098	509970	514990	517688	544360	602582	617730	637370	674394	690980	87994	970550	989452	
cwgordon7	229193	281669	282122	323112	337947	394374	394508	395478	472126	473268	476294	484820	484860	491846	517688	598738	655388	659480	87994	
daggerhart	1038316	
dagmar	1255696	1697256	1751210	1790280	594660	
dahacouk	102679	
dalin	1224126	58224	758296	
damiankloip	1278456	1480854	1697256	1789920	1791352	1818056	1818082	1831696	1831892	1832872	1837998	1838010	1838918	1848836	1868444	1877376	1877394	
danbohea	1848686	
danielb	1038316	538904	
danielnolde	1932948	418302	
danillonunes	1137920	1164824	1260716	1490402	1790280	306269	472624	538904	
das-peter	1498674	240828	
dasjo	1137920	1210366	1490402	1848836	1849712	1882482	
dastagg	1365234	1440678	
davbusu	58224	
davidchendry	
davidhunter	1591538	
davidwatson	594412	685046	758296	774032	896364	
davidzz	
dawehner	1213078	1278456	1498674	1535868	1540780	1684930	1791352	1798540	1801304	1818056	1818082	1831080	1831674	1831696	1831892	1831894	1832858	1832862	1832872	1833834	1834576	1836384	1836392	1836394	1836470	1837998	1838010	1838918	1842036	1848686	1848836	1849610	1868444	1877228	1877254	1877376	1877394	1890266	1899220	1921748	299308	396478	693504	80944	
dbazuin	1271362	
dbeall	140363	228061	395968	404300	477356	
dboulet	539724	
dcam	1266306	1429442	813750	
dchris	550742	
dcmistry	1123696	1123698	1137920	1164702	1164734	1164760	1164784	1164792	1164796	1164800	1164824	1167336	1167350	1167366	1167376	1167392	1167418	1167444	1167458	1260716	1510532	1562776	1678002	1790280	1882482	483987	538904	655388	
dcmouyard	1277352	
dcor	420358	420382	504076	504080	
dcrocks	1039666	1164702	1164760	1167458	1188790	1464964	1734642	1818278	1849712	42493	606490	693504	769922	879536	
dddave	1092554	16161	322995	323112	394494	418302	472074	538272	86287	
ddorian	
dead_arm	1167350	1817996	1818082	1824634	1831892	1831894	1832872	1833834	20446	
decibel.places	639966	
deekayen	454784	472126	473762	535564	6788	79079	
deixadilson	753764	
den33775	240828	
derMatze	26966	
derhasi	394482	394496	410464	
derjochenmeyer	538904	970550	
dev.cmswebsites...	638260	
deviantintegral	102679	111308	1790280	218323	228236	368006	58224	607348	
dhalbert	881376	
dhthwy	551658	682902	
didlix	1167458	
diedlikeahero	1436112	
dimitriseng	1015798	
dipen chaudhary	229193	
ditcheva	1345272	1809590	
dixon_	1266302	1266306	1399302	1643354	394494	404300	42891	693504	846182	890092	931774	97310	989452	
djroshi	1880488	
dman	1399990	1403508	1464964	1841788	322703	393402	397630	410464	418302	473268	503810	552620	598758	606598	
dmitrig01	102679	107038	116939	135976	147143	147723	191360	193034	212920	228236	229193	237642	248598	315035	323112	367696	374490	376103	381584	396478	398068	434942	471018	473268	484820	497804	504072	506218	511286	514990	517688	548806	550228	558928	564886	58224	58394	65578	693504	69468	787924	87994	
dodorama	1137920	1164760	1170478	1277352	1510532	1790280	1848432	1849712	1891126	374490	394374	430886	491022	503810	514990	668280	673646	79582	
doka	
donquixote	460408	558928	857312	91663	
dopry	613794	
doq	
douggreen	102254	1166114	297893	394102	550742	564562	568350	
draftkraft	1809702	
drew reece	288662	
drewish	108979	116895	120955	147723	27234	288455	315901	337993	340652	370537	370823	381584	389150	504378	517688	524562	551080	551658	573292	58224	655388	
drifter	1260716	376103	517688	601150	606598	
drob	
dropcube	11218	114546	152375	201415	299308	315035	315901	430886	528932	548806	558666	79571	87994	
droplet	1016056	1017662	1039666	1123696	1164716	1164760	1164808	1164812	1164828	1167242	1167250	1167350	1167366	1167444	1203382	1252206	1260052	1266306	1271622	1277352	1292546	1308994	1334406	1360466	1360470	1399302	1440662	1447860	1480854	1488962	152375	1665920	1677052	1809590	1849610	1849750	1874584	1893072	202593	314385	536612	538904	551658	570780	639966	931774	988722	993592	
drumm	103680	108979	174815	218323	240828	27234	30843	31394	367696	78941	79571	79582	80944	91663	
drunken monkey	1015798	
drupaljoe	1870746	1876122	
drupalmethod	16161	
drupalninja99	1166114	1260800	1277352	
drupalshrek	1832862	1878344	570780	
dshaw	209672	
dsnopek	1909218	1938422	
dstol	924040	
duckzland	1841584	
dugh	102679	16161	239800	
durgeshs	1266306	
duvien	606598	607106	
dvessel	1164824	116895	1170478	220167	226587	394702	428744	472126	473268	
dww	1025012	1038316	11218	1254128	1355442	147723	152375	166333	1841788	199774	240828	295434	319033	39954	418302	423696	438224	460408	475596	493166	49623	519470	557272	594412	602484	602490	602496	602520	602528	602582	602586	605920	606180	606190	606646	609728	613912	614288	614300	617588	617730	629830	664648	665790	720452	87994	89205	934110	936490	937698	964568	975134	976232	976328	977414	992190	
dysrama	1833190	1848210	
e0ipso	1833022	1834266	1920876	209672	
eMPee584	307354	544320	573292	606598	653620	950956	
earnie	102679	135976	17664	1818692	1831604	1832568	248598	288455	295369	299308	304330	315901	409788	428744	42891	430342	91663	
eatings	1490386	
eaton	102254	1123696	1210366	1266310	147723	1535868	1801304	1818278	1824500	274947	282404	370537	404300	483987	514990	79582	
echoz	1192044	1490402	1864466	1872606	1876202	1879786	1879798	1879966	1887008	1887558	1888474	1890266	1902856	1902858	1902864	1902872	
eddie_c	1832858	
edmund.kwok	304330	308468	
edrupal	1833022	1849610	1890266	1914800	
edward_or	1488962	1562804	1757248	
effulgentsia	1123696	1137920	1170478	1192044	1199946	1238484	1260052	1260800	1490288	1498674	1510532	1510544	1535868	1643354	1734642	1741498	1775530	1776796	1801304	1807692	1809702	1824500	1833716	1838156	1841584	1842036	1847590	1874664	1878344	1882482	1890502	1898946	1904896	226587	281669	370537	430886	473268	511286	517688	575700	655388	678592	690980	787896	8352	896364	897768	
eigentor	1137920	1164756	1164780	1167242	1167444	1167458	1260052	1296876	1353888	1355292	1464964	147143	1510532	1734642	1776796	1790280	1809702	1824500	1838114	1838156	1841788	1848064	1848292	1848432	1851128	1880168	1882482	211075	228236	229193	233200	30843	340535	351249	394544	395478	396478	398344	418302	468978	473268	483987	484820	488570	503778	504074	504076	504080	504098	507422	510110	511286	513414	517688	523406	535830	538272	538904	544360	546956	575700	575904	598738	598758	601150	606490	606598	620446	627080	645968	649004	655388	659480	663946	664450	666298	668280	669378	669410	685046	686926	693504	735656	735692	769922	787896	864938	879536	
ejort	323112	472624	
ekes	523286	
eliza411	1302986	719424	
elv	116895	140363	166228	178094	186888	190946	20446	304330	48581	
elvis2	147143	476290	476294	
emarchak	1260716	1260860	1266318	497804	
emmajane	1591538	228236	292253	308468	314385	323112	374490	382890	394544	423724	475596	484186	484212	484820	503810	570572	
emok	233200	52990	
eojthebrave	1510532	1890502	266153	337947	430886	484860	523478	524562	543988	578544	601150	
erics14	1166114	
estenrick	
eternalistic	211075	
ewhipple	108979	
factoryjoe	16161	
fago	1188388	1199946	1498674	1643354	1706688	1801304	1807692	1818278	430886	542290	936490	
fajerstarter	111308	116939	191360	229193	30843	
falcon03	1188388	1260052	1801304	1809702	1810386	1824634	1829328	1841788	1842036	1849610	1855036	1874354	1932948	514990	
farrington	1477704	
fastangel	1280538	
fax8	632380	796236	
femrich	16161	
fending	613272	86287	
ff1	304330	490092	565128	721188	79079	806232	
fgm	103680	289452	430886	761648	
fietserwin	1171172	1562798	524562	607752	
floretan	143434	182023	186571	213085	237642	240721	248598	297893	308468	884086	
forngren	11218	154471	80944	
franz	1123696	1164722	1164732	1164738	1164760	1164804	1493324	430886	889378	
frega	1678002	1841584	423196	896364	
fubhy	1192044	1272840	1510532	1872870	594660	663946	
fureigh	1833190	
gaele	108979	140384	168437	169187	1751210	178094	1844438	186888	190946	193680	205226	213085	220263	228236	233200	270919	282122	340535	374490	382890	394538	395968	503836	503908	504098	58394	761648	957784	
galapas	193034	
galundin	685046	
gavri	
ged3000	17664	
geerlingguy	11218	1137920	116939	1271622	1510544	153313	16161	209672	226587	274947	295434	305802	382896	484820	504378	596010	655388	846182	879536	87994	881376	967566	993592	
geodaniel	355496	80944	
getting-wiser	423724	
ggamba	58224	
ghoti	418302	
giorgio79	1164760	1260860	1347448	340652	436634	598738	699848	
girishmuraly	460408	
glewe	26966	
glipay	378064	
glitz	209672	
gmclelland	1137920	1170478	1191084	1260800	1277352	1480854	1490288	1490402	1562798	817176	
good_man	1039666	1260716	1272840	1337628	568986	
gopherspidey	143434	418302	
gordon	1015798	299308	87994	
gpk	139921	193680	226479	293223	300921	315901	331611	361277	389150	460408	511286	544320	570572	58224	
grandmaa	394374	510110	
greenSkin	1296876	1790280	1848064	323112	396478	409788	538904	91663	
greg.1.anderson	1199946	1833112	
greg.harvey	340535	368006	58224	79571	
greggles	1005244	182023	1890678	202593	381584	472074	506124	594412	69468	977414	
grendzy	1164734	1464964	191360	418302	602938	606598	660302	690980	
grndlvl	337947	646762	
guardian	11218	
gumanist	1772584	
hansrossel	1876208	1879966	1890266	1902862	
hass	1199946	152375	1535868	1776796	1784738	1784784	1784806	1784812	1784846	1785006	1785012	1785038	1785044	1874664	1882482	1890502	1914220	1919258	315035	331611	421118	430886	568986	598758	606490	967566	977414	
haydeniv	936490	
hctom	557272	
heather	154471	17664	221527	307354	31394	331893	340535	394516	396478	410464	423724	473268	504076	504080	513414	517688	551034	552620	576076	598758	607752	611270	613272	613794	618902	620892	700380	761648	89205	
hedac	
hefox	111317	195976	996302	
helmo	700380	
henrrrik	432730	436836	
herom	1833076	
heyrocker	1199946	120955	1266310	1295696	1697256	1751210	230059	418302	430886	514990	660302	699848	
hgmichna	26966	
hgurol	1192044	553298	
hickory	111317	
hunmonk	111317	147723	
hyrcan	240828	
iLLin	678592	
iainH	
iantresman	1510532	699848	758296	864942	879536	
idflood	1164786	1167376	1266318	491022	663946	686528	964568	
iflista	1167350	183678	
igorik	26966	
illuminaut	169187	304330	308468	
indigoblue	881376	
indytechcook	1164718	430886	79571	967566	
int	147723	228236	323112	337947	395478	428744	473268	511286	517688	538904	544360	699848	955848	
ipwa	693504	
irunflower	1239666	
ivanjaros	354133	
ivansf	601150	
izmeez	1260716	518750	750352	
j.somers	1164760	79079	
j0rd	58224	
jabapyth	410464	
jablko	535966	
jacauc	111308	
jaffaralia	1433796	
jakeg	26966	
james.elliott	1164796	896364	
jamesharv	1833190	
janusman	1167458	1170478	292253	556390	569516	602484	607348	699848	
jastraat	955848	
jayboodhun	1887008	1888474	
jbrauer	11218	182023	230059	314385	
jbrown	1170478	1191084	202593	535066	547176	551658	570780	573292	580868	653620	663906	667918	672240	674356	742344	856858	867956	924956	996302	
jcnventura	107038	518750	
jdipper	
jefflinwood	1164706	1164714	1164746	1164772	
jeffschuler	16161	420358	544360	
jenlampton	103680	1063878	1159002	1164700	1164706	1164726	1164738	1164746	1164756	1164784	1164812	1166114	1167458	116939	1194470	1210366	1213078	1296876	1337628	1347448	1355292	1355442	1355526	1356702	1360466	1360470	1399302	1399990	1409940	1409992	1427804	1428520	1430670	1440662	1440678	1440730	1510544	1515688	193680	341982	396478	497804	538904	544360	569190	594660	663946	761956	87994	950956	970550	987242	989452	
jensimmons	1192044	226587	580868	606490	613794	666298	668280	669378	674394	679894	693504	79582	849670	857792	879536	889982	922696	
jerdavis	948516	
jerdiggity	418302	693706	
jeremyjharris	102679	
jerryitt	1260052	1677052	
jess_karels	183678	
jessebeach	1015798	1137920	1170478	1192044	1260800	1490402	153313	1734642	1741498	1781422	1787942	1800582	1800584	1800614	1800618	1800620	1824500	1838114	1841584	1852346	1874354	1874664	1879386	1880168	1880606	1882482	1890502	1898946	
jesss	
jhedstrom	11218	1171436	1255696	304330	552654	631038	
jhodgdon	1166114	1188388	1231402	1279652	1282156	1595292	1677052	1751210	1852346	1868444	1882482	1920470	293223	368006	370537	438224	497804	504076	504428	514990	518750	523638	548868	568350	569398	602938	605894	620892	632210	637930	647084	649482	649982	655416	660302	663906	666170	666176	678592	678628	680500	681723	681814	683314	690622	699842	715972	74562	810176	
jibninjas	693504	
jibran	1038316	1238484	1498880	1510544	1535868	1734534	1741498	1842036	1848064	1875058	1880488	1909202	617730	
jide	1510532	1510544	1787942	448292	456640	503810	535066	606490	650528	655416	666974	667918	668280	87994	
jix_	308468	351249	417106	471018	535574	538904	594660	618902	
jjeff	111317	557272	
jkaine	1166114	
jlgreen2012	1436112	
jlinares	139921	
jmarkel	1902872	
jn2	761648	957784	
joachim	1039666	111317	1123696	1164718	1164760	1167366	1167458	1199428	1199946	120955	1210366	1213078	1252206	1296876	139921	1422924	1480854	1880168	197460	19879	270919	27234	295434	381584	398344	404300	418302	430886	473268	476290	484186	503810	504072	511286	523286	542658	548868	553298	557272	558666	563550	578532	58224	58394	601150	602484	606598	607106	613272	650528	658386	686528	693504	719424	742708	74562	787896	796658	812688	813750	846182	864938	864942	881376	889378	890092	89205	987242	989452	
joao28	503810	
joates	1591538	1784812	1893090	
joestewart	967566	
joetsuihk	
johandw	
johnv	1231402	282404	596010	
jolos	544360	569190	
jonathan1055	1015798	
jonhinkle	58224	
jonthomas83	195014	
joshk	867830	
joshmiller	1801304	182023	319033	331611	374646	375161	394576	395478	400450	475596	484820	508458	511286	517688	518750	537750	546186	564562	569276	569398	570572	606490	617588	
jpamental	1192044	448292	817176	
jrglasgow	337947	430886	
jromine	549432	
jschrab	1038316	497804	
jstoller	1015798	1123696	116939	120955	1296876	1355292	1510532	1537922	1643354	1751210	1776796	1777388	1838918	1874664	1892762	282122	305102	306269	351249	381584	538904	542290	563550	579654	
jthorson	1137920	1164760	1684930	1776796	1838918	
jtwalters	1260800	1488962	
juan_g	934110	
juhovh	365615	
jumpfightgo@gro...	394466	
jwilson3	116939	1266318	1734642	1838918	1849712	1876196	1879966	1891096	655416	
k4v	1738374	
kaakuu	16161	292253	418302	510110	538526	538904	553298	678592	685046	699848	
kalabro	1734534	
karschsp	1164726	1194470	1207354	1252206	1282156	1399990	1510532	1513054	193897	228236	266153	323112	331611	331893	339417	340535	370276	374490	384150	392320	392362	392582	394508	394544	394702	395610	398068	400450	409788	477668	484212	484820	510110	511286	517688	534556	535152	535564	537678	58224	664394	79079	925154	993592	
kat3_drx	331893	795268	
katbailey	229193	370537	
kathyh	1326088	
kattekrab	1164760	1192044	17664	1833716	1834682	39954	
kazar	570572	
kazim59	79582	
keith.smith	103680	111081	143434	149880	152375	182023	183678	197254	203036	205226	211494	222036	228236	229193	233200	256287	270919	274947	275368	295369	299308	305102	30843	322703	323112	337947	337993	340535	340652	360415	371548	392362	394102	395378	395968	402226	418302	420358	421118	423196	425478	42891	504074	504076	504080	504098	504428	505218	508786	509970	523406	58224	6788	69468	
kenorb	116895	315901	362621	428744	613272	91663	
kervi	1510532	
keyhitman	1902872	
kgoel	1919258	
kiamlaluno	1238484	360415	404300	459418	634808	660302	
kid_icarus	1252206	1477704	
kika	108979	1137920	1199428	1210366	1238484	1260690	1260716	1277352	1282156	147143	1473198	1473214	1475204	1477704	1477802	1479210	1480854	1490402	1510532	191360	196373	197460	222036	226587	228236	237642	239715	256287	275368	297209	318975	323112	331611	351249	374646	378916	392362	393402	394374	394518	394684	395968	410464	417106	471018	484820	484860	497804	503778	503810	504428	506218	513414	514990	517688	521468	522184	523478	528932	538904	540008	542658	553298	601150	653620	655416	664394	665790	787896	
killes@www.drop.org	114546	26966	27234	30843	518750	52990	58224	58394	79582	8330	
kiverson	
kkaefer	102679	229193	237642	30843	315035	323112	351249	396478	430342	432730	434942	439798	504378	557272	78941	79582	
klausi	400450	594412	607240	639172	678592	881376	967566	
klonos	1015798	1082902	1123696	1164760	1164812	1167458	1177680	1199946	1252206	1260052	1260800	1271622	1279652	1296876	1353888	1355292	1355526	1464964	1475204	1480854	1498674	1510544	1515688	1643354	1678002	1751210	1757618	1775530	1776796	1777388	1790280	1795268	1807692	1810386	1824500	1832870	1833104	1833184	1836392	1844438	1847590	1851128	1862250	1868444	1869328	1891126	1917212	1926736	1950700	229193	30843	395478	396478	472074	497804	538904	582622	606490	606598	659480	665790	750352	761648	857312	993592	
konstantin.komelin	1880488	
kpm	
kprmca	209672	
kratkar	1947246	935008	
kristofer	
krlucas	1848210	86287	
kscheirer	111317	1182850	1355526	202593	490092	570780	618902	65578	723392	735616	960864	
ksenzee	1001728	11218	1176556	1199428	1238124	1328770	153313	1818692	228061	248598	337947	393406	396478	418302	473268	497500	511286	517688	544360	553298	564886	601150	614288	617588	649004	650528	655388	655416	655514	659480	663126	693504	714464	761648	78941	878020	87994	896364	
kudokatz	
kwinters	497804	546956	560100	560118	
kyle_mathews	240828	632380	
lambic	552604	
langworthy	639354	
larowlan	111317	114546	1159002	1433796	1440662	1440678	1510544	1535868	1751210	1775530	1798654	1809702	1829328	1838114	1841584	1891746	1893090	1899220	282404	305802	430886	538904	
laura s	1137920	548806	550742	
legolas8911	693504	
leisareichelt	394702	472126	474264	480660	484820	484860	488570	508458	510110	511286	517688	520444	536570	538526	538904	551080	555712	
lelizondo	1279652	950956	
lightsurge	1260052	1678002	
lilou	108979	111308	116895	120955	135976	162037	176168	190946	196758	199774	202593	202837	205226	211494	218323	220263	237642	256287	27234	289452	295369	297209	297893	305102	320039	331611	382884	430886	448292	452446	471018	473268	484212	484860	52990	569456	58224	69468	80944	87994	
linclark	1092554	1164734	1277352	318975	370823	552630	616552	761956	890092	970550	
liquidcms	480660	
lisarex	1123696	1831080	1831696	1832858	1832862	1832872	1833834	1834576	1836390	1836394	218323	337947	368006	394466	503778	504076	504080	552604	552620	607752	614294	637930	666170	
lliss	183678	
llizards	
loganfsmyth	1280530	1280550	
longwave	1015798	1167366	
loophole080	1510532	
lostchord	758296	
lreid	58224	
lslinnet	1260716	1510532	
lucascaro	742344	
lucaswoj	384150	
luco	538904	598738	
lut4rp	147143	323112	367133	517688	569276	
lyricnz	660302	761648	
m3avrck	11218	30220	31394	37562	78941	
maartenvg	120955	16161	27234	305802	
macgirvin	102679	196758	248598	
magico	39954	49623	74562	
mahaprasad	384150	
mallezie	1326088	1741498	1874664	
manimejia	551658	
mantyla	282404	
marcingy	1429442	1838918	226479	289452	299308	400450	523286	549746	613272	655388	655416	690980	69468	720452	889378	957784	
marco.robotangel	197460	
marcushenningsen	386532	
marcvangend	1510532	1818278	196758	517688	546956	567418	665790	741242	742708	749018	753754	753764	881376	
mariomaric	111317	1260052	1510532	
mariusz.slonina	967566	992190	993592	
markabur	665790	723392	934110	
markboulton	473268	484860	511286	517688	536968	538526	539724	555712	663906	924956	
markdorison	400450	
markj	
markus_petrux	315035	42493	517688	523286	87994	
marthinal	1440662	
martinjbaker	209672	
marvil07	396478	535066	602528	
maryedith	1832870	
masagin	601150	
matason	699848	
mathankumarc	1429442	
matt westgate	11218	27234	
matt2000	11218	240721	323112	423724	475596	613794	636666	647084	678628	680500	681814	
matt@antinomia	58224	
mattconnolly	
mbrett5062	1137920	1260052	1535868	1818692	1832568	1833716	1880488	1888474	
mbutcher	418302	
mcarbone	195976	
mcjim	1488962	1490386	1757248	1861702	1864466	196373	511286	535066	607752	
mcrittenden	11218	16161	228236	229193	282122	290343	331893	351249	363319	374490	376103	378064	393406	396478	42493	439798	455576	473268	484820	484860	497500	503810	506124	510110	511286	517688	535066	538904	544360	548806	556390	558666	563550	569190	570572	570780	572240	579654	580868	601150	602582	606490	607752	637850	647084	653620	658726	659480	669378	680500	685046	693504	79079	79582	87994	
mcurry	16161	518750	91663	
mdrummond	1170478	1328770	1490402	1701112	
mdupont	1874644	305102	351249	361918	371548	410464	960864	
mean0dspt	16161	
meatsack	396478	
meba	107038	143434	1510544	162037	274947	304330	30843	439798	52990	594412	594660	
medden	1170478	1260052	
merlinofchaos	111081	1510544	152375	1836392	292253	42493	475596	475968	523638	538272	538904	544360	658726	
mertskeli	879536	
mfb	209672	370276	700380	796658	
mfer	111081	1166078	202837	274947	315035	323112	394702	428744	431844	517688	557272	58224	659480	699848	87994	91663	924956	
mgifford	11218	1137920	1192044	1260052	1260716	1261002	1271362	1271622	1277352	1328770	1333292	140384	1480854	1493324	1510532	1510544	153313	1741204	1790280	1797438	1807692	1809702	1810386	1824500	1829328	1838156	1848292	1849610	1854030	1854046	1855036	1874354	1875260	1890502	1892968	1904882	290343	314385	323112	331893	367356	394736	418306	447816	448292	466416	472074	473268	484186	511286	517688	538904	540282	541568	541612	545196	551034	555712	556390	558928	564886	582622	598758	601150	606490	607752	609348	654726	659480	665790	668280	723392	742344	787896	79079	795268	800270	809384	810176	811276	817176	8352	846182	867830	87994	896364	922696	945654	
michaelfavia	196758	247084	256287	275368	361277	393406	39954	400450	402760	438224	439798	473268	497500	504378	509970	540008	
michaelschutz	1836392	
micnap	742344	867830	
midkemia	378064	418302	480660	
mikeschinkel	228236	
mikespence	1591538	
mikey_p	102679	108979	418302	506124	69468	699848	714464	846182	854510	
mikeytown2	17664	363319	400450	418302	483987	544360	
mikkopaltamaa	1510532	
mindless	26966	
minimism	116895	
miro_dietiker	1869292	1869328	
misterT	572240	
misty3	395968	
mitchell	120955	1677052	1776796	1777388	1868444	315901	398068	409446	425478	483987	79582	840490	
mitchmac	700380	
mitron	1831696	1833190	1849750	1891126	
mjlF95	370537	
mjohnq3	1192044	1880488	
mjonesdinero	400450	
mjreich	430886	
mkadin	1930934	
mkalkbrenner	292253	
mki	42891	
mlncn	107038	16161	182023	193034	197460	230059	237642	384150	393406	394702	552604	616552	655388	668280	735204	742344	761648	796658	857312	957784	
mlsamuelson	239800	
mnp	116939	
moe4715	1831636	
mohammadjolani	116939	
mohammed76	447816	448292	
momendo	11218	1164760	1167458	1464964	274947	304330	323112	423196	473268	655388	
mooffie	576916	
moonray	120955	
mori	1260052	
morphir	211075	212920	
moshe weitzman	102254	103680	111308	111317	1137920	1164718	1192044	1199946	120955	1210366	1260716	1260800	1261002	1271622	1277352	139921	147143	1488962	1490402	1510532	1510544	153313	16161	1678002	1697256	1706688	1734534	1775530	1776796	1781422	1801304	1809702	1818278	182023	1824500	1832568	1833716	1836860	1838114	1838156	1838918	1848064	1872606	1887558	190946	201415	202593	229193	237642	248598	26966	282122	292253	295434	30220	315035	319033	322703	323112	331611	337947	340652	394496	394736	395378	396478	398068	404300	418302	418306	428744	430886	439798	456640	466416	471018	472126	473012	480660	484820	491846	504074	508458	511286	517688	518750	521474	522184	523638	524562	528932	535564	536968	537750	538904	543988	544320	548806	551080	551658	552654	553298	556390	557272	568986	594412	601586	602586	606016	629830	632380	637850	655416	658726	659480	660302	663956	664380	665790	6788	680032	690622	699842	699848	701974	732486	742344	742366	79571	796658	812688	867956	878020	879536	87994	889982	91663	924956	931774	950956	
mot	221527	266153	
mototribe	1192044	1403508	
mpearrow	1164796	
mr.baileys	149880	16161	212920	266153	270919	339417	344445	367356	375161	400450	401214	402226	402662	404300	405824	431844	474170	535066	569456	699842	713388	720326	721282	732700	891670	
mradcliffe	1535868	1874354	
mrfelton	1015798	1164796	1164808	1167366	116895	116939	1238484	1510532	209672	362852	369675	396478	508458	539724	553298	580868	594412	594908	606490	606824	649982	655416	663906	663946	663956	665790	672240	674394	723392	87994	
mrtoner	288455	58224	
msameer	
msonnabaum	1137920	1409992	153313	1535868	1843856	
mstrelan	1015798	1170478	1278456	322853	361918	386532	663946	
mtolmacs	
my-family	473268	
myke	472074	
mysak	569452	
nagiek	970550	
nagwani	1832778	1832870	1833022	1833104	
naquah	58224	
naught101	1164702	1164716	1164730	1164760	1194470	1399990	544320	552604	
naxoc	1535868	209672	549746	613272	74562	
nbz	1167458	140363	376103	398344	446244	455576	459418	484820	484860	511218	52151	537766	542658	548806	575904	606490	
neclimdul	1535868	538904	557272	594660	
nedjo	107038	147723	270917	30220	42493	52990	78941	79582	
neilnz	460408	742344	
netsensei	153313	438224	
nevergone	1801304	26966	606598	
nevets	1194470	1510532	1818278	331611	430886	
newz2000	
nick_schuch	1920462	1920468	1920470	857312	
nickbits	606490	
nigel	331893	
nikkubhai	1790280	1809702	
nneuman	282404	
no_angel	1848210	
no_longer_active_13	1192044	196373	544320	632380	655514	889982	896364	
nod_	1016056	1039666	107038	1137920	114546	1164804	1164812	1170478	1188388	1238484	1260052	1260800	1261002	1271622	1277352	1337628	1436112	1440662	1440730	1447860	1473220	1475204	1480854	1490288	1490402	1493324	153313	1540780	1741498	1757248	1770720	1772584	1790280	1797438	1809702	1810386	1818278	1818674	1824500	1824634	1829328	1831892	1832568	1836860	1838114	1841584	1841788	1848064	1851128	1869328	1870944	1874644	1874664	1876202	1880488	1883982	1890502	1893072	297209	308468	331893	380186	396478	432730	434426	491022	504378	514990	515530	541568	609094	617730	65578	735204	800270	817176	846182	
oddbit	
odegard	1038316	
olamaekle	209672	
omar	761956	
omaster	1510532	752482	
oriol_e9g	1015798	120955	140363	384150	434942	553298	878020	967566	
oseldman	655416	
p.brouwers	308468	464648	483876	490092	569516	
pameeela	365615	384150	
pandaeskimo	460408	
paradiso	
paranojik	79571	
patrickd	1440662	1809702	
paul.lovvik	544360	
pbz1912	384150	606490	
pdjohnson	
penyaskito	1188388	209672	314385	322995	365615	742344	
peterx	1776796	195014	410464	
peximo	337947	605630	
pfrenssen	1510532	
philbar	111317	452446	606598	655416	690980	699848	
piersonr	87994	
pillarsdotnet	1199946	197460	209672	395478	425478	538904	544320	734536	742344	794258	799314	
pixelbandito	503836	
pixelite	536956	761648	
plach	1082902	1164760	1188388	1199946	1260690	1260860	1280538	1301148	1314250	1498674	1498724	1498880	1535868	1807366	1807692	1807776	1810386	1831604	1831608	1831636	1832778	1832870	1833020	1833022	1833076	1833104	1833180	1833184	1833190	1833196	1834014	1834266	1848210	1854030	1854056	1855036	1869328	1874102	1890502	1891686	1902758	1903138	322995	365615	497804	553298	605630	609262	654726	896364	953722	
plopesc	1902874	
podarok	1188388	1260690	1266318	1301148	1498674	1535868	1772584	1787942	1838156	1841584	1849610	568986	606598	761648	
pp	1260716	1272840	183678	565128	568986	58224	
profix898	149880	89205	
psicomante	16161	476290	476294	535066	535152	606490	658726	
pvasili	1791352	
pverrier	541568	
pwarn	1436112	
pwaterz	1824500	
pwolanin	102679	11218	1166114	147723	154471	1893090	191360	228236	248598	26966	270917	289452	295434	337947	351249	368064	370537	382890	394434	394702	402226	418302	471018	511286	535564	542658	551658	553298	58224	594412	598758	601150	613794	618902	637850	660302	663126	761648	897768	955848	
q0rban	606490	
qbnflaco	517688	
quartsize	1277352	1510532	
quicksketch	11218	116939	1260052	1510544	1706688	1797438	1809702	1824500	1833716	1834682	1848292	1874664	1878344	1890502	1894644	191360	228061	274947	305802	315035	323112	370537	370823	374646	389150	393406	395478	447816	484860	538904	550228	557272	594660	596010	602938	606598	613794	735616	742344	846182	87994	931774	950956	993820	
rachellawson	1872598	
radoeka	896364	936490	
rafamd	1164760	734536	
ray007	11218	
raytiley	1164714	
rbayliss	1360466	967566	
rcaracaus	1902856	1902862	
rcross	1818278	794258	91663	
realityloop	1015798	1841788	282122	314385	393406	777234	
redben	323112	
redndahead	1848064	299308	315035	340535	394466	511218	523406	606190	
reglogge	1260716	1266318	16161	418302	535066	569276	602484	660302	690622	846182	884086	
rema52	728194	
rfay	1015798	1260716	16161	27234	299308	370537	438224	473268	511286	553298	557272	606598	607240	655416	700380	734536	936490	
rfsbsb	475596	
rgristroph	613272	699848	
rhimes	58224	
rhouse	881376	
ricardobaeta	397630	
richardj	752482	
rickvug	1255696	1535868	196758	228236	256287	292253	295434	30843	315035	351249	376103	389150	395968	396478	410464	434426	483987	484860	491022	503778	503810	514990	535066	536956	542658	544360	552620	639172	653620	755638	87994	
risoy	761648	
rkerr	116939	
rli	1832870	1902874	
rlmumford	1164760	
roball	102679	319033	436836	
robertDouglass	102254	11218	191360	198973	26966	274947	282404	518750	52990	69468	74562	97310	
robertgarrigos	1920876	517688	857312	
roborn	1473198	1473214	536956	646792	
rocket_nova	103680	209672	320039	658386	666170	734536	86287	89205	
roderik	58224	
rogueturnip	1038316	
rokr	535574	
ron_sparks	536440	
ronald_istos	420358	517688	544360	558928	699848	761956	
ronan.orb	1192044	1790280	396478	538904	
ronia	472126	
rootatwc	1238484	1510532	1797438	1801304	1818278	1848686	1888702	723392	
rootwork	1591538	1849610	384150	
roper.	660302	896364	
rovo	1510532	
rsaddington	103680	515334	
rschwab	1436112	1848686	384150	602484	606190	854510	91663	937698	975134	
rszrama	143434	190946	761956	
rteijeiro	1490402	1757248	1861702	1864466	1872598	1872606	1879798	1879966	1880488	1887008	1887558	1888474	1902868	1902874	
rupl	1260800	
rvilar	1137920	1832778	1842036	
ry5n	1137920	1167350	1238484	1490288	1510532	1562782	1562802	1562804	1645904	1818278	1837514	1838114	1838156	1841584	1848292	1849712	1891096	1919956	197460	723392	
ryan.armstrong	1510532	1562776	
ryanissamson	1015798	1239666	209672	400450	
s.Daniel	570780	91663	
sai571	400450	
salvis	102679	1734534	1848064	39954	702020	86287	
samhassell	1849750	660302	
saml	6788	
samwillc	1164780	
sanduhrs	26966	
sanketmedhi	79582	
sannejanssen	1510544	1838156	
sbakshian	1164768	
scor	111317	26966	418302	504076	616552	774316	
scorchio	1403508	
scottrigby	58224	
scottrouse	878020	
scronide	1838918	
scroogie	617730	655388	655416	87994	
sdboyer	1535868	1787942	1841584	
seanburlington	394694	
seanyo	690980	
sepeck	39954	570572	758296	
sergiu.savva	1893090	
sethcohn	609348	
seutje	107038	1238484	1260052	1261002	153313	1824500	282122	322703	337947	340535	394544	410464	448292	471018	473268	483876	484820	504074	517688	523478	537766	538526	540282	544360	556390	563550	568986	569190	570780	576076	598758	601150	607106	614410	617730	620446	639172	645968	649004	649982	653620	658726	659480	663126	668280	685046	690980	693504	720326	723392	
sfyn	719424	
sgabe	606598	690980	
sgtsaughter	1170478	
shartz	374646	
shenzhuxi	1166114	365615	
shp	724736	
shuklasp	1260716	936490	
shunting	193680	649982	655388	659480	896364	
sidharthap	1888474	
sign	211075	290343	351249	394736	471018	473268	488570	513414	537766	556594	557056	562284	
sillygwailo	226587	
silverhosting	538904	582826	
silverwing	322995	459418	
sir_squall	1231402	
sirkitree	412782	455576	556594	
sirtet	948516	
sitiveni	582534	
sivaji	1252206	438224	472074	474170	491022	639354	964568	
skilip	229193	308468	363319	374646	378916	396478	471242	484820	517688	538904	598738	
skiminki	26966	
skiquel	305802	315035	693504	
skor	
smiletrl	1831608	
smileytech	856858	
smk-ka	331611	448292	653620	
snorkers	240828	699848	
snufkin	197219	197254	26966	
softfacade	606490	
solange_sari	1829328	1849610	
solipsist	518750	
solodky	
sparr	102679	
spatz4000	20446	239800	493166	
sphism	1009716	111317	1238484	
ssemaganda	197219	197254	48581	8330	
stBorchert	1167444	1302986	152375	1540780	168437	186571	211075	292253	30843	314385	351249	393406	394702	417724	436836	464648	471018	476290	476294	504074	504098	513414	522184	523286	523478	535564	556390	557792	598758	606598	607348	607752	686528	693504	
starbow	107038	114546	191360	315035	374646	382896	87994	
starlilyth	102679	
stefano73	
steinmb	1199946	1848490	506124	699848	
stella	120955	226587	369675	370537	393402	396478	471018	473012	473268	513414	518750	52990	550228	
stephthegeek	292253	503810	693504	
steve02476	120955	
stevector	1164730	1164750	1510532	1510544	1643354	1776796	1801304	472126	8330	935008	
suffering drupal	149880	
sumitk	400450	890092	
sun	1001728	1013726	1015798	1016056	1053518	107038	108979	111081	11218	1123696	1137920	1159002	1164718	1164760	1164780	1167350	1167418	1167458	116939	1170478	1188388	1191040	1192044	1197814	1199946	1207060	120955	1210366	1231402	1238484	1239666	1255696	1260860	1266306	1266310	1271622	1296566	1301148	1337628	139921	1409940	1409992	1428520	1429442	1440662	1463956	1477704	1480854	1493324	1510532	1510544	152375	153313	1535868	154471	1643354	1664894	1677052	1697256	1706688	1741498	1751210	1770720	1772584	1776796	1781422	1790280	1797438	1798540	1800618	1801304	1805488	1810386	1817996	182023	1824500	1831608	1833184	1833716	1834002	1834682	183678	1837514	1838114	1838156	1841788	1842036	1844438	1847952	1848064	1848292	1848428	1848432	1848836	1849712	1851128	1853636	1853720	1868444	1869292	1872870	1874354	1874664	1875260	1876176	1878344	1880168	1882482	1884148	1884762	1887582	1890502	1891746	1892968	1894644	1898946	191360	1914800	1917212	1919956	1926676	1926692	1926736	1930934	1933614	195014	196758	201415	209672	211075	212920	220167	228061	228236	229193	237642	240828	248598	26966	274947	275368	289452	293223	300921	304330	305802	314385	315035	322703	323112	331611	337947	340652	362621	362852	365615	367356	370537	374490	376103	378064	378916	381584	382890	394064	394466	394540	394702	395478	396478	398068	398344	400450	402760	409788	410464	421118	423196	42493	430342	430886	434426	438224	447816	448292	465958	471018	471242	473268	475968	476294	477020	480660	483078	483987	484820	491022	491846	503810	504076	506124	508458	511218	511286	513414	514990	517688	520444	521468	522458	522462	535066	536440	537750	538904	541568	542658	544360	550228	550718	550742	551080	551658	552604	552654	553298	553326	555712	556390	557272	558666	558928	560502	569398	570572	573128	573292	576916	579654	58394	594660	596010	598758	601150	602938	605630	605894	606016	606190	606490	606598	607240	607348	607410	609094	614294	618902	619490	620446	627048	627080	637850	638894	653620	654726	655416	65578	660302	663946	663956	665790	666974	674394	679894	690980	693504	699848	700380	719424	723392	735616	735692	742344	755638	759824	761648	761956	787896	78941	79079	79571	796466	796658	812688	867830	867956	878020	879792	87994	881376	891670	896364	91663	924956	934110	945654	955848	967566	993592	996302	
sun.core	120955	1261002	197219	202199	211075	228061	230059	240828	248598	255174	281669	288455	288662	298907	322703	362621	376103	380186	394466	418302	432730	437234	438224	454784	456640	483876	504076	511218	511286	514256	517688	524562	540282	543988	552604	563550	569190	594412	594908	596010	602528	606490	613272	614418	647084	654726	655388	690980	700380	800270	91663	922696	
sung-suh park	26966	
sven.lauer	1167458	
svendecabooter	394466	86287	
svenryen	1164746	1510532	
swentel	1038316	111317	1164812	1166114	1210366	1255696	1422924	1493324	1510532	1510544	1515688	153313	1665920	1770720	1790280	1798654	1801304	1824500	1829328	1833104	1838114	1838156	1838918	1843856	1850182	1862250	1874664	1884148	1893090	1904882	1904900	1904902	293223	295369	322853	331611	394702	438224	504378	552604	553298	565262	606598	666698	69468	80944	813750	857312	864942	91663	924956	925154	
sxnc	1738374	
sym	11218	120955	
synth3tk	140363	
szantog	846182	
tara@neier.me	
tarekdj	1137920	1192044	1510532	
tarmstrong	1260860	742344	
tcarnell	460408	
te-brian	430886	473268	544360	553298	601150	606490	655388	666974	671268	
technicka	1831894	
techsoldaten	323112	423670	
tedbow	1818278	514990	
teledyn	240828	
tgeller	292253	331611	394576	699848	936490	
thamas	1267520	879536	
theborg	1355442	1355526	209672	538904	
thedavidmeister	1260800	1843856	
theresaanna	693504	
thinker	39954	
thinkyhead	
tic2000	315035	331611	394482	418302	475596	484820	493166	504074	504378	508458	513414	515334	517662	518750	539800	
tim foley	881376	
tim.plunkett	1038316	1153122	1159002	1164760	1164792	1164796	1164812	1164828	1167350	116939	1170478	1192044	1199946	1210366	1213078	1260800	1278456	1279624	1365234	1429442	1430670	1477704	1480854	1510544	1535868	1677052	1697256	1734642	1770720	1775530	1787942	1791352	1797438	1801304	1805488	1807776	1810386	1817996	1818082	1818674	1824500	1831080	1831674	1831892	1831894	1832862	1832872	1833184	1833834	1834576	1836392	1836394	183678	1837998	1838010	1841584	1841788	1848210	1848836	1849610	1853636	1868444	1874644	1875016	1875058	1875260	1884762	1904900	1920470	1921748	20446	400450	430886	552604	594660	606598	723392	761648	769922	857312	879536	950956	967566	
timmillwood	1123696	1167242	1260716	1510544	282122	423196	475968	514256	538904	540008	
timtrinidad	289452	
tizzo	1535868	400450	58224	87994	889982	890092	
tkoleary	1123696	1137920	1192044	1260716	1260860	1678002	1776796	1781422	1848432	1852346	1874664	1879386	1880168	1882482	1890502	1898946	394374	663946	948516	
tmsimont	394694	
tobiasb	1301148	361277	473762	509970	535966	550228	580868	654726	742344	
toddgee	1878344	
tombigel	226587	
tomdavidson	809384	
tomogden	1166114	1266306	1430670	
tostinni	26966	
trobey	1092554	
tronathan	1164702	1164712	1164718	1164720	1164732	1164750	1164760	1164800	
trrroy	1239666	
tsi	1015798	226587	
tstoeckler	116895	1188388	1192044	1255696	1260052	1365234	1403508	1430670	1480854	1535868	1643354	1678002	1697256	1734642	1751210	1790280	1801304	1807776	1833104	1833184	1833716	1836860	1838114	1838918	1842036	1848064	1876122	1876134	1878344	1903138	193034	201415	212920	255174	26966	282122	293223	295434	323112	363319	369675	418302	419950	420358	423196	428744	430886	432730	434942	447816	455576	456640	473268	473762	475596	480660	484186	484820	497590	510110	513414	515334	523638	536440	553298	58224	606190	606598	653620	654726	655416	655514	662868	663946	686528	699848	742344	742708	761956	765338	796658	799314	806232	812688	857792	895292	934110	936490	
tsvenson	1176556	1176562	1176568	1207060	438224	665790	967566	
tutumlum	528932	
tvn	1296876	1510532	538904	
tylor	476290	476294	
typhonius	1902874	665790	
uNeedStuff	497500	570572	572240	719424	
ugerhard	199774	378916	439798	550718	606490	
ultimateboy	135976	139921	193897	196758	203029	31394	322853	323112	337993	338772	341982	354133	360415	370276	378916	394374	394424	394694	434942	516234	534556	
unstatu	1266306	
valante	447816	
valokettu	
valthebald	1167336	193034	565262	86287	967566	
vangorra	297893	528932	
vasi1186	322995	
vegantriathlete	1164760	732700	
videographics	1777388	
vijay.cgs	1490402	1872598	1872606	1879786	
vijaycs85	1490402	1841788	1853720	1869328	1891630	
vladimir.dolgopolov	211494	26966	
vordude	438224	
vosechu	678592	
vrMarc	1164924	
wanabeanon	58224	
watbe	1328770	
webbykat	1433796	
webchick	1015798	102679	103680	1039666	108979	111317	11218	1137920	1152038	1164716	1164718	1164760	1164782	1164784	1164792	1164812	1164828	1167350	1167458	116895	116939	1170478	1171436	1188388	1188790	1191040	1192044	1199946	1207060	120955	1231402	1238124	1238484	1254128	1255696	1260052	1260716	1266310	1266318	1272840	1277352	1279652	1282156	1296876	1302986	1333292	1337628	1347134	1353888	1355292	1355358	1355526	135976	1377816	139921	1399302	140363	1429442	143434	1440662	1440678	1440694	1464964	147143	1473198	1473214	147723	1477704	1480854	1488962	1490402	149880	1510532	1510544	1515688	153313	1535868	154471	1591538	16161	1643354	1664894	1678002	1684930	1697256	1701112	1706688	1734534	1734642	1738374	1741498	1751210	1756122	1772584	1775530	1776796	1777388	1787942	1790280	1797438	1800582	1800614	1801304	1807692	1807776	1809590	1809702	1810386	1818082	1818278	182023	1824500	1824634	1831636	1831696	1831892	1832568	1832778	1832872	1833716	183678	1838114	1838156	1838918	1841788	1843856	1847274	1847952	1848064	1848210	1848490	1850182	1851128	1853636	1855412	1861702	1864466	1870820	1874584	1874664	1875016	1875260	1877228	1877254	1878344	1879966	1880168	1880488	1880606	1882482	1884762	1884996	1887008	1890502	1890678	1893026	1893072	1893090	1893740	1898946	1899220	1902758	1902872	1903138	1904882	1926692	1930934	196758	197219	197254	197460	199774	201415	212920	218323	220263	222036	226587	228061	228236	229193	240828	248598	256287	266153	26966	270917	270919	274947	275368	281669	282122	282404	289452	292253	293223	295369	299308	30220	304330	305802	308468	314385	315035	319033	322703	322995	323112	331611	331893	337947	337993	354133	355496	360415	361277	362852	365615	367133	367356	367696	368006	368064	370537	382896	393402	394466	394508	394736	395478	395968	396478	398068	39954	401214	402226	409788	410464	412782	418302	420358	421118	423724	425478	428744	430342	430886	432730	434942	436836	438224	439798	447816	448292	452446	455576	466416	471018	471234	473268	474170	475596	476290	476294	480660	483876	484186	484820	484860	491022	49623	504076	504080	504428	506124	506316	508458	510058	510110	511286	513414	514256	516234	517688	523244	523256	523406	52990	534556	535066	535564	536612	536960	536968	536974	536982	536984	537750	537766	538526	538904	539800	540008	540282	541568	541612	542290	542658	543988	544320	544360	546956	548806	549432	549746	550228	550718	551034	551080	551658	552604	553298	553324	553326	555712	556390	556594	557056	557272	557890	558666	562284	564562	569398	569516	569542	570572	573292	576916	578544	580868	58224	592704	594412	594660	594908	598758	601150	602484	602490	602496	602520	602528	602938	605630	605920	606016	606190	606490	606598	607106	607240	607348	609348	609728	613272	613794	613912	614300	614410	614418	616552	617588	631038	636666	637370	637930	639354	646762	647084	650528	652288	653620	654726	655388	655416	660302	663946	664020	664022	664036	664380	666170	666698	668280	674394	678592	678628	679866	679890	679894	680032	680500	681723	683314	685046	689716	690622	690980	693504	69468	699842	699848	700380	714464	723392	725058	735616	742344	755638	761648	761956	774316	787896	78941	79079	79582	800270	80944	813750	817176	846182	86287	867956	867968	879536	87994	881376	884086	889378	889982	891670	896364	897768	908590	913796	91663	922696	934110	936490	945654	948516	950956	955848	975134	976328	97823	987242	
webcomm	
webflo	1588186	322995	
webkenny	504076	538904	569276	665790	
whoviz	693504	
wildkatana	1164760	1841788	395478	
wildmtsky	116895	
willhall	340535	
willmoy	299308	699848	896364	
wilto	1170478	1775530	
winston	570572	572240	
wizonesolutions	460408	
wmbetts	111317	
wmostrey	632380	
wretched sinner...	102679	120955	135976	197460	201415	228236	30843	323112	331893	351249	369675	378916	382890	382896	392320	394374	395968	404300	409788	412782	418302	425478	428744	434942	484820	538904	629830	653620	665790	
wwalc	1890502	1894644	
xatoo_	652288	
ximo	178094	182023	190946	228236	304330	323112	761956	
xjm	1001728	1015798	103680	1038316	1039666	111317	1164714	1164812	1166114	1167350	1167376	1167418	1199946	1210366	1213078	1238484	1239666	1255696	1260800	1272840	1278456	1326088	1330748	1347134	1347448	1355526	1360466	1365234	1377816	1407746	1440662	1447860	1480854	1510532	1510544	1535868	1541264	16161	1664894	1677052	1697256	1765576	17664	1787942	1789920	1790280	1791352	1797438	1798540	1801304	1809590	1810386	1818056	1818082	1818674	1818692	1824634	1831608	1831636	1832862	1833104	1836392	183678	1837998	1838010	1841584	1842036	1843856	1847590	1848490	1849610	1853636	1871746	1874584	1875016	1875058	1875260	1875780	1877228	1884762	1888702	1893090	1893596	1893740	1930934	1950700	209672	211494	240828	289452	30843	318975	381584	384150	394518	394576	396478	39954	400450	421118	423724	430886	460408	483078	504472	538904	582534	605894	655388	666698	742344	78941	87994	881376	884086	936440	950956	955848	967566	987242	993820	
xmacinfo	1164760	1164824	1167444	1231402	1238124	1238484	1260716	1510532	153313	1790280	1838918	1892762	292253	307354	315035	323112	368006	374646	395610	402226	404300	418306	428744	430342	438224	472126	473268	484860	511218	517688	52151	523214	523478	52990	535066	536968	543988	548806	601150	606490	653620	761648	
xtfer	1164718	282122	
yang_yi_cn	
yannickoo	1137920	1166114	1838114	1841788	
yannisc	1890502	
yched	1001728	1038316	1164812	1199428	1199946	1255696	1271362	1399302	1480854	1510532	1510544	16161	1697256	1770720	1775530	1801304	1807692	1824500	1847590	1876134	203908	274947	282122	304330	307354	315035	323112	361277	370537	394544	396478	409446	425478	428744	430886	447816	448292	456640	472126	490092	504072	504378	513414	521468	537750	538904	542290	552604	552620	552630	552654	553298	553324	553326	556390	557056	557272	558928	568350	578544	601150	613794	614294	617730	631038	653620	664022	664380	690980	719424	735204	742708	765338	796658	812688	813750	857312	864942	87994	
yeti22	1123696	
yhager	226587	
yhahn	295434	484820	606490	
yktdan	1790280	
yoroy	1001728	1005244	1015798	1039666	1085854	1086030	108979	1107906	1123696	1123698	1125436	1153122	1159002	1164704	1164718	1164730	1164738	1164756	1164760	1164782	1164796	1164804	1164808	1166114	1167242	1167336	1167350	1167366	1167376	1167392	1167418	1167458	1168082	116939	1182850	1188790	1191084	1194470	1199428	1205224	1207060	1210366	1213078	1231402	1239666	1255696	1260716	1260800	1260860	1261440	1266306	1266310	1271362	1271622	1277352	1279652	1292546	1295814	1296876	1308994	1325736	1326088	1330748	1337628	1347134	1347448	1355358	1355526	1356702	135976	1365234	140363	1409940	1409992	1433796	143434	1440694	147143	1475204	1477704	1477802	1480854	1490288	1490386	1510532	1510544	1515688	1535868	1562802	16161	162037	1643354	1684930	1751210	176168	1770720	1776796	1777388	178094	1790280	1801304	1809590	1818056	1818082	1831080	1831892	1832858	1832862	1832872	1833104	1834576	1836392	1837054	1838114	1838156	1838918	1841584	1841788	1847274	1848292	1848428	1848432	1850182	1852346	186571	1880168	1882482	1890502	190946	191360	1936708	193680	193897	196373	197254	197460	200849	202593	202837	203029	205226	211494	213085	218323	226479	228061	228236	229193	233200	240828	248598	270919	274947	275368	282122	282404	290343	292253	293223	295369	297209	304330	30843	308468	31394	314385	315901	318975	320039	322703	323112	325893	331893	337947	337993	339417	340535	341982	351249	354133	361277	365751	367133	367696	368064	369675	374646	376103	378064	378916	381584	382890	382896	384150	386532	389150	392362	393402	393406	394374	394466	394482	394492	394494	394508	394516	394518	394538	394544	394702	394736	395610	395968	396478	398344	39954	402226	412782	419950	420358	420382	420584	421118	423724	42493	425478	428744	430886	431844	432730	438224	439798	447816	448292	455576	456640	468978	471018	471234	472126	473268	474170	475596	475968	477356	480660	483876	483987	484186	484820	497804	503810	504074	504076	504080	504098	504378	506218	507422	508458	510110	511218	511286	513414	514256	514990	523244	523406	535066	535564	536440	536960	536968	536982	536984	537750	537766	538526	538904	539724	539800	542290	542658	543988	544360	546956	546962	547176	548806	549432	550228	550742	551658	552958	553298	555712	556390	557272	557792	557890	558666	564562	565262	569190	569250	569276	570572	570780	572240	573128	576076	580868	582734	594660	594908	596010	597540	598758	601150	602484	602490	602496	602528	602938	606016	606490	607106	607410	609094	613272	613794	614288	614410	614414	614418	616552	617588	620446	627048	627080	629830	632380	637370	637930	638214	638222	638232	638260	639172	639354	639706	645610	645968	646762	646792	649482	649982	652288	653620	655388	655416	655514	65578	658386	658726	658776	659480	660302	662868	663126	663906	663946	664020	664204	665790	666170	666176	666298	667918	669378	672240	674356	674394	678628	6788	679890	681723	683314	685046	686528	689716	690622	690980	693706	69468	699842	699848	701974	702020	713388	714554	715790	721188	721326	728194	735616	735656	735692	742366	742708	747542	749298	753754	755638	761956	765338	772176	774316	777234	787896	787924	787944	795268	79571	79582	796236	796658	806232	812688	813750	846182	857312	857792	867830	889982	89205	896364	91663	936490	950956	951428	967566	97823	993592	993820	
ytsurk	1498880	1810386	1831604	1832778	
yukare	957784	
zatarain21	881376	
zeta ?	220167	
zilverdistel	955848	
zirvap	193897	266153	953722	
zoo33	432730	439798	
zroger	52990	
zuuperman	1801304	813750	
zzolo	418302	639706	761956	
null	11218	288455	483150	79571	
